# nodes
0 GENERATOR 0 100000
1 SUBSTATION 0 0
2 SUBSTATION 0 0
3 SUBSTATION 0 0
4 SUBSTATION 0 0
5 SUBSTATION 0 0
6 SUBSTATION 0 0
7 SUBSTATION 0 0
8 SUBSTATION 0 0
9 SUBSTATION 0 0
10 SUBSTATION 0 0
11 SUBSTATION 0 0
12 SUBSTATION 0 0
13 SUBSTATION 0 0
14 SUBSTATION 0 0
15 SUBSTATION 0 0
16 SUBSTATION 0 0
17 SUBSTATION 0 0
18 SUBSTATION 0 0
19 SUBSTATION 0 0
20 SUBSTATION 0 0
21 SUBSTATION 0 0
22 SUBSTATION 0 0
23 SUBSTATION 0 0
24 SUBSTATION 0 0
25 SUBSTATION 0 0
26 SUBSTATION 0 0
27 SUBSTATION 0 0
28 SUBSTATION 0 0
29 SUBSTATION 0 0
30 SUBSTATION 0 0
31 SUBSTATION 0 0
32 SUBSTATION 0 0
33 SUBSTATION 0 0
34 SUBSTATION 0 0
35 SUBSTATION 0 0
36 SUBSTATION 0 0
37 SUBSTATION 0 0
38 SUBSTATION 0 0
39 SUBSTATION 0 0
40 SUBSTATION 0 0
41 SUBSTATION 0 0
42 SUBSTATION 0 0
43 SUBSTATION 0 0
44 SUBSTATION 0 0
45 SUBSTATION 0 0
46 SUBSTATION 0 0
47 SUBSTATION 0 0
48 SUBSTATION 0 0
49 SUBSTATION 0 0
50 SUBSTATION 0 0
51 SUBSTATION 0 0
52 SUBSTATION 0 0
53 SUBSTATION 0 0
54 SUBSTATION 0 0
55 SUBSTATION 0 0
56 SUBSTATION 0 0
57 SUBSTATION 0 0
58 SUBSTATION 0 0
59 SUBSTATION 0 0
60 SUBSTATION 0 0
61 SUBSTATION 0 0
62 SUBSTATION 0 0
63 SUBSTATION 0 0
64 SUBSTATION 0 0
65 SUBSTATION 0 0
66 SUBSTATION 0 0
67 SUBSTATION 0 0
68 SUBSTATION 0 0
69 SUBSTATION 0 0
70 SUBSTATION 0 0
71 SUBSTATION 0 0
72 SUBSTATION 0 0
73 SUBSTATION 0 0
74 SUBSTATION 0 0
75 SUBSTATION 0 0
76 SUBSTATION 0 0
77 SUBSTATION 0 0
78 SUBSTATION 0 0
79 SUBSTATION 0 0
80 SUBSTATION 0 0
81 SUBSTATION 0 0
82 SUBSTATION 0 0
83 SUBSTATION 0 0
84 SUBSTATION 0 0
85 SUBSTATION 0 0
86 SUBSTATION 0 0
87 SUBSTATION 0 0
88 SUBSTATION 0 0
89 SUBSTATION 0 0
90 SUBSTATION 0 0
91 SUBSTATION 0 0
92 SUBSTATION 0 0
93 SUBSTATION 0 0
94 SUBSTATION 0 0
95 SUBSTATION 0 0
96 SUBSTATION 0 0
97 SUBSTATION 0 0
98 SUBSTATION 0 0
99 SUBSTATION 0 0
100 SUBSTATION 0 0
101 SUBSTATION 0 0
102 SUBSTATION 0 0
103 SUBSTATION 0 0
104 SUBSTATION 0 0
105 SUBSTATION 0 0
106 SUBSTATION 0 0
107 SUBSTATION 0 0
108 SUBSTATION 0 0
109 SUBSTATION 0 0
110 SUBSTATION 0 0
111 SUBSTATION 0 0
112 SUBSTATION 0 0
113 SUBSTATION 0 0
114 SUBSTATION 0 0
115 SUBSTATION 0 0
116 SUBSTATION 0 0
117 SUBSTATION 0 0
118 SUBSTATION 0 0
119 SUBSTATION 0 0
120 SUBSTATION 0 0
121 SUBSTATION 0 0
122 SUBSTATION 0 0
123 SUBSTATION 0 0
124 SUBSTATION 0 0
125 SUBSTATION 0 0
126 SUBSTATION 0 0
127 SUBSTATION 0 0
128 SUBSTATION 0 0
129 SUBSTATION 0 0
130 SUBSTATION 0 0
131 SUBSTATION 0 0
132 SUBSTATION 0 0
133 SUBSTATION 0 0
134 SUBSTATION 0 0
135 SUBSTATION 0 0
136 SUBSTATION 0 0
137 SUBSTATION 0 0
138 SUBSTATION 0 0
139 SUBSTATION 0 0
140 SUBSTATION 0 0
141 SUBSTATION 0 0
142 SUBSTATION 0 0
143 SUBSTATION 0 0
144 SUBSTATION 0 0
145 SUBSTATION 0 0
146 SUBSTATION 0 0
147 SUBSTATION 0 0
148 SUBSTATION 0 0
149 SUBSTATION 0 0
150 SUBSTATION 0 0
151 SUBSTATION 0 0
152 SUBSTATION 0 0
153 SUBSTATION 0 0
154 SUBSTATION 0 0
155 SUBSTATION 0 0
156 SUBSTATION 0 0
157 SUBSTATION 0 0
158 SUBSTATION 0 0
159 SUBSTATION 0 0
160 SUBSTATION 0 0
161 SUBSTATION 0 0
162 SUBSTATION 0 0
163 SUBSTATION 0 0
164 SUBSTATION 0 0
165 SUBSTATION 0 0
166 SUBSTATION 0 0
167 SUBSTATION 0 0
168 SUBSTATION 0 0
169 SUBSTATION 0 0
170 SUBSTATION 0 0
171 SUBSTATION 0 0
172 SUBSTATION 0 0
173 SUBSTATION 0 0
174 SUBSTATION 0 0
175 SUBSTATION 0 0
176 SUBSTATION 0 0
177 SUBSTATION 0 0
178 SUBSTATION 0 0
179 SUBSTATION 0 0
180 SUBSTATION 0 0
181 SUBSTATION 0 0
182 SUBSTATION 0 0
183 SUBSTATION 0 0
184 SUBSTATION 0 0
185 SUBSTATION 0 0
186 SUBSTATION 0 0
187 SUBSTATION 0 0
188 SUBSTATION 0 0
189 SUBSTATION 0 0
190 SUBSTATION 0 0
191 SUBSTATION 0 0
192 SUBSTATION 0 0
193 SUBSTATION 0 0
194 SUBSTATION 0 0
195 SUBSTATION 0 0
196 SUBSTATION 0 0
197 SUBSTATION 0 0
198 SUBSTATION 0 0
199 SUBSTATION 0 0
200 SUBSTATION 0 0
201 SUBSTATION 0 0
202 SUBSTATION 0 0
203 SUBSTATION 0 0
204 SUBSTATION 0 0
205 SUBSTATION 0 0
206 SUBSTATION 0 0
207 SUBSTATION 0 0
208 SUBSTATION 0 0
209 SUBSTATION 0 0
210 SUBSTATION 0 0
211 SUBSTATION 0 0
212 SUBSTATION 0 0
213 SUBSTATION 0 0
214 SUBSTATION 0 0
215 SUBSTATION 0 0
216 SUBSTATION 0 0
217 SUBSTATION 0 0
218 SUBSTATION 0 0
219 SUBSTATION 0 0
220 SUBSTATION 0 0
221 SUBSTATION 0 0
222 SUBSTATION 0 0
223 SUBSTATION 0 0
224 SUBSTATION 0 0
225 SUBSTATION 0 0
226 SUBSTATION 0 0
227 SUBSTATION 0 0
228 SUBSTATION 0 0
229 SUBSTATION 0 0
230 SUBSTATION 0 0
231 SUBSTATION 0 0
232 SUBSTATION 0 0
233 SUBSTATION 0 0
234 SUBSTATION 0 0
235 SUBSTATION 0 0
236 SUBSTATION 0 0
237 SUBSTATION 0 0
238 SUBSTATION 0 0
239 SUBSTATION 0 0
240 SUBSTATION 0 0
241 SUBSTATION 0 0
242 SUBSTATION 0 0
243 SUBSTATION 0 0
244 SUBSTATION 0 0
245 SUBSTATION 0 0
246 SUBSTATION 0 0
247 SUBSTATION 0 0
248 SUBSTATION 0 0
249 SUBSTATION 0 0
250 SUBSTATION 0 0
251 SUBSTATION 0 0
252 SUBSTATION 0 0
253 SUBSTATION 0 0
254 SUBSTATION 0 0
255 SUBSTATION 0 0
256 SUBSTATION 0 0
257 SUBSTATION 0 0
258 SUBSTATION 0 0
259 SUBSTATION 0 0
260 SUBSTATION 0 0
261 SUBSTATION 0 0
262 SUBSTATION 0 0
263 SUBSTATION 0 0
264 SUBSTATION 0 0
265 SUBSTATION 0 0
266 SUBSTATION 0 0
267 SUBSTATION 0 0
268 SUBSTATION 0 0
269 SUBSTATION 0 0
270 SUBSTATION 0 0
271 SUBSTATION 0 0
272 SUBSTATION 0 0
273 SUBSTATION 0 0
274 SUBSTATION 0 0
275 SUBSTATION 0 0
276 SUBSTATION 0 0
277 SUBSTATION 0 0
278 SUBSTATION 0 0
279 SUBSTATION 0 0
280 SUBSTATION 0 0
281 SUBSTATION 0 0
282 SUBSTATION 0 0
283 SUBSTATION 0 0
284 SUBSTATION 0 0
285 SUBSTATION 0 0
286 SUBSTATION 0 0
287 SUBSTATION 0 0
288 SUBSTATION 0 0
289 SUBSTATION 0 0
290 SUBSTATION 0 0
291 SUBSTATION 0 0
292 SUBSTATION 0 0
293 SUBSTATION 0 0
294 SUBSTATION 0 0
295 SUBSTATION 0 0
296 SUBSTATION 0 0
297 SUBSTATION 0 0
298 SUBSTATION 0 0
299 SUBSTATION 0 0
300 SUBSTATION 0 0
301 SUBSTATION 0 0
302 SUBSTATION 0 0
303 SUBSTATION 0 0
304 SUBSTATION 0 0
305 SUBSTATION 0 0
306 SUBSTATION 0 0
307 SUBSTATION 0 0
308 SUBSTATION 0 0
309 SUBSTATION 0 0
310 SUBSTATION 0 0
311 SUBSTATION 0 0
312 SUBSTATION 0 0
313 SUBSTATION 0 0
314 SUBSTATION 0 0
315 SUBSTATION 0 0
316 SUBSTATION 0 0
317 SUBSTATION 0 0
318 SUBSTATION 0 0
319 SUBSTATION 0 0
320 SUBSTATION 0 0
321 SUBSTATION 0 0
322 SUBSTATION 0 0
323 SUBSTATION 0 0
324 SUBSTATION 0 0
325 SUBSTATION 0 0
326 SUBSTATION 0 0
327 SUBSTATION 0 0
328 SUBSTATION 0 0
329 SUBSTATION 0 0
330 SUBSTATION 0 0
331 SUBSTATION 0 0
332 SUBSTATION 0 0
333 SUBSTATION 0 0
334 SUBSTATION 0 0
335 SUBSTATION 0 0
336 SUBSTATION 0 0
337 SUBSTATION 0 0
338 SUBSTATION 0 0
339 SUBSTATION 0 0
340 SUBSTATION 0 0
341 SUBSTATION 0 0
342 SUBSTATION 0 0
343 SUBSTATION 0 0
344 SUBSTATION 0 0
345 SUBSTATION 0 0
346 SUBSTATION 0 0
347 SUBSTATION 0 0
348 SUBSTATION 0 0
349 SUBSTATION 0 0
350 SUBSTATION 0 0
351 SUBSTATION 0 0
352 SUBSTATION 0 0
353 SUBSTATION 0 0
354 SUBSTATION 0 0
355 SUBSTATION 0 0
356 SUBSTATION 0 0
357 SUBSTATION 0 0
358 SUBSTATION 0 0
359 SUBSTATION 0 0
360 SUBSTATION 0 0
361 SUBSTATION 0 0
362 SUBSTATION 0 0
363 SUBSTATION 0 0
364 SUBSTATION 0 0
365 SUBSTATION 0 0
366 SUBSTATION 0 0
367 SUBSTATION 0 0
368 SUBSTATION 0 0
369 SUBSTATION 0 0
370 SUBSTATION 0 0
371 SUBSTATION 0 0
372 SUBSTATION 0 0
373 SUBSTATION 0 0
374 SUBSTATION 0 0
375 SUBSTATION 0 0
376 SUBSTATION 0 0
377 SUBSTATION 0 0
378 SUBSTATION 0 0
379 SUBSTATION 0 0
380 SUBSTATION 0 0
381 SUBSTATION 0 0
382 SUBSTATION 0 0
383 SUBSTATION 0 0
384 SUBSTATION 0 0
385 SUBSTATION 0 0
386 SUBSTATION 0 0
387 SUBSTATION 0 0
388 SUBSTATION 0 0
389 SUBSTATION 0 0
390 SUBSTATION 0 0
391 SUBSTATION 0 0
392 SUBSTATION 0 0
393 SUBSTATION 0 0
394 SUBSTATION 0 0
395 SUBSTATION 0 0
396 SUBSTATION 0 0
397 SUBSTATION 0 0
398 SUBSTATION 0 0
399 SUBSTATION 0 0
400 SUBSTATION 0 0
401 SUBSTATION 0 0
402 SUBSTATION 0 0
403 SUBSTATION 0 0
404 SUBSTATION 0 0
405 SUBSTATION 0 0
406 SUBSTATION 0 0
407 SUBSTATION 0 0
408 SUBSTATION 0 0
409 SUBSTATION 0 0
410 SUBSTATION 0 0
411 SUBSTATION 0 0
412 SUBSTATION 0 0
413 SUBSTATION 0 0
414 SUBSTATION 0 0
415 SUBSTATION 0 0
416 SUBSTATION 0 0
417 SUBSTATION 0 0
418 SUBSTATION 0 0
419 SUBSTATION 0 0
420 SUBSTATION 0 0
421 SUBSTATION 0 0
422 SUBSTATION 0 0
423 SUBSTATION 0 0
424 SUBSTATION 0 0
425 SUBSTATION 0 0
426 SUBSTATION 0 0
427 SUBSTATION 0 0
428 SUBSTATION 0 0
429 SUBSTATION 0 0
430 SUBSTATION 0 0
431 SUBSTATION 0 0
432 SUBSTATION 0 0
433 SUBSTATION 0 0
434 SUBSTATION 0 0
435 SUBSTATION 0 0
436 SUBSTATION 0 0
437 SUBSTATION 0 0
438 SUBSTATION 0 0
439 SUBSTATION 0 0
440 SUBSTATION 0 0
441 SUBSTATION 0 0
442 SUBSTATION 0 0
443 SUBSTATION 0 0
444 SUBSTATION 0 0
445 SUBSTATION 0 0
446 SUBSTATION 0 0
447 SUBSTATION 0 0
448 SUBSTATION 0 0
449 SUBSTATION 0 0
450 SUBSTATION 0 0
451 SUBSTATION 0 0
452 SUBSTATION 0 0
453 SUBSTATION 0 0
454 SUBSTATION 0 0
455 SUBSTATION 0 0
456 SUBSTATION 0 0
457 SUBSTATION 0 0
458 SUBSTATION 0 0
459 SUBSTATION 0 0
460 SUBSTATION 0 0
461 SUBSTATION 0 0
462 SUBSTATION 0 0
463 SUBSTATION 0 0
464 SUBSTATION 0 0
465 SUBSTATION 0 0
466 SUBSTATION 0 0
467 SUBSTATION 0 0
468 SUBSTATION 0 0
469 SUBSTATION 0 0
470 SUBSTATION 0 0
471 SUBSTATION 0 0
472 SUBSTATION 0 0
473 SUBSTATION 0 0
474 SUBSTATION 0 0
475 SUBSTATION 0 0
476 SUBSTATION 0 0
477 SUBSTATION 0 0
478 SUBSTATION 0 0
479 SUBSTATION 0 0
480 SUBSTATION 0 0
481 SUBSTATION 0 0
482 SUBSTATION 0 0
483 SUBSTATION 0 0
484 SUBSTATION 0 0
485 SUBSTATION 0 0
486 SUBSTATION 0 0
487 SUBSTATION 0 0
488 SUBSTATION 0 0
489 SUBSTATION 0 0
490 SUBSTATION 0 0
491 SUBSTATION 0 0
492 SUBSTATION 0 0
493 SUBSTATION 0 0
494 SUBSTATION 0 0
495 SUBSTATION 0 0
496 SUBSTATION 0 0
497 SUBSTATION 0 0
498 SUBSTATION 0 0
499 SUBSTATION 0 0
500 SUBSTATION 0 0
501 SUBSTATION 0 0
502 SUBSTATION 0 0
503 SUBSTATION 0 0
504 SUBSTATION 0 0
505 SUBSTATION 0 0
506 SUBSTATION 0 0
507 SUBSTATION 0 0
508 SUBSTATION 0 0
509 SUBSTATION 0 0
510 SUBSTATION 0 0
511 SUBSTATION 0 0
512 SUBSTATION 0 0
513 SUBSTATION 0 0
514 SUBSTATION 0 0
515 SUBSTATION 0 0
516 SUBSTATION 0 0
517 SUBSTATION 0 0
518 SUBSTATION 0 0
519 SUBSTATION 0 0
520 SUBSTATION 0 0
521 SUBSTATION 0 0
522 SUBSTATION 0 0
523 SUBSTATION 0 0
524 SUBSTATION 0 0
525 SUBSTATION 0 0
526 SUBSTATION 0 0
527 SUBSTATION 0 0
528 SUBSTATION 0 0
529 SUBSTATION 0 0
530 SUBSTATION 0 0
531 SUBSTATION 0 0
532 SUBSTATION 0 0
533 SUBSTATION 0 0
534 SUBSTATION 0 0
535 SUBSTATION 0 0
536 SUBSTATION 0 0
537 SUBSTATION 0 0
538 SUBSTATION 0 0
539 SUBSTATION 0 0
540 SUBSTATION 0 0
541 SUBSTATION 0 0
542 SUBSTATION 0 0
543 SUBSTATION 0 0
544 SUBSTATION 0 0
545 SUBSTATION 0 0
546 SUBSTATION 0 0
547 SUBSTATION 0 0
548 SUBSTATION 0 0
549 SUBSTATION 0 0
550 SUBSTATION 0 0
551 SUBSTATION 0 0
552 SUBSTATION 0 0
553 SUBSTATION 0 0
554 SUBSTATION 0 0
555 SUBSTATION 0 0
556 SUBSTATION 0 0
557 SUBSTATION 0 0
558 SUBSTATION 0 0
559 SUBSTATION 0 0
560 SUBSTATION 0 0
561 SUBSTATION 0 0
562 SUBSTATION 0 0
563 SUBSTATION 0 0
564 SUBSTATION 0 0
565 SUBSTATION 0 0
566 SUBSTATION 0 0
567 SUBSTATION 0 0
568 SUBSTATION 0 0
569 SUBSTATION 0 0
570 SUBSTATION 0 0
571 SUBSTATION 0 0
572 SUBSTATION 0 0
573 SUBSTATION 0 0
574 SUBSTATION 0 0
575 SUBSTATION 0 0
576 SUBSTATION 0 0
577 SUBSTATION 0 0
578 SUBSTATION 0 0
579 SUBSTATION 0 0
580 SUBSTATION 0 0
581 SUBSTATION 0 0
582 SUBSTATION 0 0
583 SUBSTATION 0 0
584 SUBSTATION 0 0
585 SUBSTATION 0 0
586 SUBSTATION 0 0
587 SUBSTATION 0 0
588 SUBSTATION 0 0
589 SUBSTATION 0 0
590 SUBSTATION 0 0
591 SUBSTATION 0 0
592 SUBSTATION 0 0
593 SUBSTATION 0 0
594 SUBSTATION 0 0
595 SUBSTATION 0 0
596 SUBSTATION 0 0
597 SUBSTATION 0 0
598 SUBSTATION 0 0
599 SUBSTATION 0 0
600 SUBSTATION 0 0
601 SUBSTATION 0 0
602 SUBSTATION 0 0
603 SUBSTATION 0 0
604 SUBSTATION 0 0
605 SUBSTATION 0 0
606 SUBSTATION 0 0
607 SUBSTATION 0 0
608 SUBSTATION 0 0
609 SUBSTATION 0 0
610 SUBSTATION 0 0
611 SUBSTATION 0 0
612 SUBSTATION 0 0
613 SUBSTATION 0 0
614 SUBSTATION 0 0
615 SUBSTATION 0 0
616 SUBSTATION 0 0
617 SUBSTATION 0 0
618 SUBSTATION 0 0
619 SUBSTATION 0 0
620 SUBSTATION 0 0
621 SUBSTATION 0 0
622 SUBSTATION 0 0
623 SUBSTATION 0 0
624 SUBSTATION 0 0
625 SUBSTATION 0 0
626 SUBSTATION 0 0
627 SUBSTATION 0 0
628 SUBSTATION 0 0
629 SUBSTATION 0 0
630 SUBSTATION 0 0
631 SUBSTATION 0 0
632 SUBSTATION 0 0
633 SUBSTATION 0 0
634 SUBSTATION 0 0
635 SUBSTATION 0 0
636 SUBSTATION 0 0
637 SUBSTATION 0 0
638 SUBSTATION 0 0
639 SUBSTATION 0 0
640 SUBSTATION 0 0
641 SUBSTATION 0 0
642 SUBSTATION 0 0
643 SUBSTATION 0 0
644 SUBSTATION 0 0
645 SUBSTATION 0 0
646 SUBSTATION 0 0
647 SUBSTATION 0 0
648 SUBSTATION 0 0
649 SUBSTATION 0 0
650 SUBSTATION 0 0
651 SUBSTATION 0 0
652 SUBSTATION 0 0
653 SUBSTATION 0 0
654 SUBSTATION 0 0
655 SUBSTATION 0 0
656 SUBSTATION 0 0
657 SUBSTATION 0 0
658 SUBSTATION 0 0
659 SUBSTATION 0 0
660 SUBSTATION 0 0
661 SUBSTATION 0 0
662 SUBSTATION 0 0
663 SUBSTATION 0 0
664 SUBSTATION 0 0
665 SUBSTATION 0 0
666 SUBSTATION 0 0
667 SUBSTATION 0 0
668 SUBSTATION 0 0
669 SUBSTATION 0 0
670 SUBSTATION 0 0
671 SUBSTATION 0 0
672 SUBSTATION 0 0
673 SUBSTATION 0 0
674 SUBSTATION 0 0
675 SUBSTATION 0 0
676 SUBSTATION 0 0
677 SUBSTATION 0 0
678 SUBSTATION 0 0
679 SUBSTATION 0 0
680 SUBSTATION 0 0
681 SUBSTATION 0 0
682 SUBSTATION 0 0
683 SUBSTATION 0 0
684 SUBSTATION 0 0
685 SUBSTATION 0 0
686 SUBSTATION 0 0
687 SUBSTATION 0 0
688 SUBSTATION 0 0
689 SUBSTATION 0 0
690 SUBSTATION 0 0
691 SUBSTATION 0 0
692 SUBSTATION 0 0
693 SUBSTATION 0 0
694 SUBSTATION 0 0
695 SUBSTATION 0 0
696 SUBSTATION 0 0
697 SUBSTATION 0 0
698 SUBSTATION 0 0
699 SUBSTATION 0 0
700 SUBSTATION 0 0
701 SUBSTATION 0 0
702 SUBSTATION 0 0
703 SUBSTATION 0 0
704 SUBSTATION 0 0
705 SUBSTATION 0 0
706 SUBSTATION 0 0
707 SUBSTATION 0 0
708 SUBSTATION 0 0
709 SUBSTATION 0 0
710 SUBSTATION 0 0
711 SUBSTATION 0 0
712 SUBSTATION 0 0
713 SUBSTATION 0 0
714 SUBSTATION 0 0
715 SUBSTATION 0 0
716 SUBSTATION 0 0
717 SUBSTATION 0 0
718 SUBSTATION 0 0
719 SUBSTATION 0 0
720 SUBSTATION 0 0
721 SUBSTATION 0 0
722 SUBSTATION 0 0
723 SUBSTATION 0 0
724 SUBSTATION 0 0
725 SUBSTATION 0 0
726 SUBSTATION 0 0
727 SUBSTATION 0 0
728 SUBSTATION 0 0
729 SUBSTATION 0 0
730 SUBSTATION 0 0
731 SUBSTATION 0 0
732 SUBSTATION 0 0
733 SUBSTATION 0 0
734 SUBSTATION 0 0
735 SUBSTATION 0 0
736 SUBSTATION 0 0
737 SUBSTATION 0 0
738 SUBSTATION 0 0
739 SUBSTATION 0 0
740 SUBSTATION 0 0
741 SUBSTATION 0 0
742 SUBSTATION 0 0
743 SUBSTATION 0 0
744 SUBSTATION 0 0
745 SUBSTATION 0 0
746 SUBSTATION 0 0
747 SUBSTATION 0 0
748 SUBSTATION 0 0
749 SUBSTATION 0 0
750 SUBSTATION 0 0
751 SUBSTATION 0 0
752 SUBSTATION 0 0
753 SUBSTATION 0 0
754 SUBSTATION 0 0
755 SUBSTATION 0 0
756 SUBSTATION 0 0
757 SUBSTATION 0 0
758 SUBSTATION 0 0
759 SUBSTATION 0 0
760 SUBSTATION 0 0
761 SUBSTATION 0 0
762 SUBSTATION 0 0
763 SUBSTATION 0 0
764 SUBSTATION 0 0
765 SUBSTATION 0 0
766 SUBSTATION 0 0
767 SUBSTATION 0 0
768 SUBSTATION 0 0
769 SUBSTATION 0 0
770 SUBSTATION 0 0
771 SUBSTATION 0 0
772 SUBSTATION 0 0
773 SUBSTATION 0 0
774 SUBSTATION 0 0
775 SUBSTATION 0 0
776 SUBSTATION 0 0
777 SUBSTATION 0 0
778 SUBSTATION 0 0
779 SUBSTATION 0 0
780 SUBSTATION 0 0
781 SUBSTATION 0 0
782 SUBSTATION 0 0
783 SUBSTATION 0 0
784 SUBSTATION 0 0
785 SUBSTATION 0 0
786 SUBSTATION 0 0
787 SUBSTATION 0 0
788 SUBSTATION 0 0
789 SUBSTATION 0 0
790 SUBSTATION 0 0
791 SUBSTATION 0 0
792 SUBSTATION 0 0
793 SUBSTATION 0 0
794 SUBSTATION 0 0
795 SUBSTATION 0 0
796 SUBSTATION 0 0
797 SUBSTATION 0 0
798 SUBSTATION 0 0
799 SUBSTATION 0 0
800 CITY 51 0
801 CITY 77 0
802 CITY 141 0
803 CITY 159 0
804 CITY 92 0
805 CITY 194 0
806 CITY 57 0
807 CITY 122 0
808 CITY 95 0
809 CITY 88 0
810 CITY 97 0
811 CITY 99 0
812 CITY 119 0
813 CITY 178 0
814 CITY 196 0
815 CITY 99 0
816 CITY 154 0
817 CITY 197 0
818 CITY 115 0
819 CITY 105 0
820 CITY 127 0
821 CITY 72 0
822 CITY 146 0
823 CITY 150 0
824 CITY 140 0
825 CITY 177 0
826 CITY 69 0
827 CITY 82 0
828 CITY 136 0
829 CITY 176 0
830 CITY 67 0
831 CITY 87 0
832 CITY 164 0
833 CITY 132 0
834 CITY 149 0
835 CITY 83 0
836 CITY 111 0
837 CITY 53 0
838 CITY 158 0
839 CITY 95 0
840 CITY 80 0
841 CITY 51 0
842 CITY 76 0
843 CITY 56 0
844 CITY 129 0
845 CITY 168 0
846 CITY 113 0
847 CITY 63 0
848 CITY 107 0
849 CITY 57 0
850 CITY 173 0
851 CITY 137 0
852 CITY 97 0
853 CITY 151 0
854 CITY 124 0
855 CITY 83 0
856 CITY 107 0
857 CITY 146 0
858 CITY 174 0
859 CITY 134 0
860 CITY 102 0
861 CITY 168 0
862 CITY 70 0
863 CITY 128 0
864 CITY 96 0
865 CITY 179 0
866 CITY 170 0
867 CITY 155 0
868 CITY 174 0
869 CITY 122 0
870 CITY 110 0
871 CITY 123 0
872 CITY 168 0
873 CITY 108 0
874 CITY 70 0
875 CITY 127 0
876 CITY 68 0
877 CITY 161 0
878 CITY 62 0
879 CITY 121 0
880 CITY 129 0
881 CITY 155 0
882 CITY 124 0
883 CITY 173 0
884 CITY 114 0
885 CITY 73 0
886 CITY 172 0
887 CITY 115 0
888 CITY 68 0
889 CITY 172 0
890 CITY 120 0
891 CITY 159 0
892 CITY 142 0
893 CITY 123 0
894 CITY 92 0
895 CITY 90 0
896 CITY 181 0
897 CITY 163 0
898 CITY 106 0
899 CITY 108 0
900 CITY 64 0
901 CITY 189 0
902 CITY 135 0
903 CITY 182 0
904 CITY 165 0
905 CITY 125 0
906 CITY 66 0
907 CITY 91 0
908 CITY 188 0
909 CITY 187 0
910 CITY 139 0
911 CITY 161 0
912 CITY 143 0
913 CITY 166 0
914 CITY 76 0
915 CITY 69 0
916 CITY 189 0
917 CITY 144 0
918 CITY 155 0
919 CITY 80 0
920 CITY 98 0
921 CITY 78 0
922 CITY 182 0
923 CITY 134 0
924 CITY 58 0
925 CITY 63 0
926 CITY 101 0
927 CITY 102 0
928 CITY 76 0
929 CITY 88 0
930 CITY 124 0
931 CITY 78 0
932 CITY 167 0
933 CITY 178 0
934 CITY 195 0
935 CITY 123 0
936 CITY 106 0
937 CITY 183 0
938 CITY 167 0
939 CITY 123 0
940 CITY 145 0
941 CITY 109 0
942 CITY 188 0
943 CITY 96 0
944 CITY 147 0
945 CITY 128 0
946 CITY 109 0
947 CITY 86 0
948 CITY 186 0
949 CITY 58 0
950 CITY 132 0
951 CITY 143 0
952 CITY 198 0
953 CITY 199 0
954 CITY 143 0
955 CITY 135 0
956 CITY 113 0
957 CITY 148 0
958 CITY 113 0
959 CITY 160 0
960 CITY 124 0
961 CITY 177 0
962 CITY 60 0
963 CITY 146 0
964 CITY 127 0
965 CITY 152 0
966 CITY 144 0
967 CITY 119 0
968 CITY 110 0
969 CITY 116 0
970 CITY 144 0
971 CITY 50 0
972 CITY 52 0
973 CITY 82 0
974 CITY 90 0
975 CITY 163 0
976 CITY 72 0
977 CITY 139 0
978 CITY 115 0
979 CITY 128 0
980 CITY 122 0
981 CITY 95 0
982 CITY 54 0
983 CITY 189 0
984 CITY 146 0
985 CITY 176 0
986 CITY 60 0
987 CITY 186 0
988 CITY 119 0
989 CITY 70 0
990 CITY 180 0
991 CITY 139 0
992 CITY 144 0
993 CITY 103 0
994 CITY 166 0
995 CITY 191 0
996 CITY 190 0
997 CITY 158 0
998 CITY 179 0
999 CITY 68 0

# edges
0 1 791
0 2 711
0 3 520
1 4 832
0 5 769
0 6 802
2 7 671
2 8 633
1 9 852
7 10 786
2 11 954
6 12 905
8 13 701
10 14 756
7 15 728
2 16 904
10 17 619
17 18 967
17 19 621
6 20 927
0 21 573
6 22 763
22 23 784
20 24 500
0 25 809
24 26 922
18 27 802
10 28 515
4 29 746
26 30 559
26 31 831
28 32 974
8 33 946
32 34 751
7 35 778
4 36 902
11 37 618
28 38 506
32 39 708
16 40 771
6 41 841
12 42 678
39 43 712
27 44 898
24 45 935
13 46 688
27 47 880
36 48 631
22 49 680
2 50 831
47 51 646
42 52 511
16 53 656
3 54 879
44 55 938
55 56 759
53 57 925
52 58 639
48 59 990
1 60 804
15 61 954
18 62 549
24 63 775
3 64 930
1 65 883
51 66 610
16 67 896
65 68 597
15 69 701
66 70 847
24 71 981
32 72 563
0 73 704
35 74 824
8 75 858
31 76 661
67 77 547
21 78 983
58 79 525
65 80 515
79 81 669
16 82 520
68 83 698
8 84 986
28 85 523
66 86 719
0 87 752
20 88 867
59 89 577
43 90 686
24 91 545
42 92 588
91 93 516
59 94 762
67 95 953
69 96 809
7 97 724
37 98 738
45 99 536
16 100 587
1 101 560
42 102 939
25 103 872
66 104 935
27 105 704
0 106 815
68 107 792
73 108 991
104 109 523
1 110 596
68 111 785
72 112 623
98 113 787
33 114 563
47 115 709
109 116 691
42 117 801
32 118 681
47 119 880
115 120 724
28 121 907
11 122 531
119 123 748
101 124 949
74 125 590
68 126 927
46 127 657
1 128 951
65 129 953
45 130 840
90 131 918
82 132 876
80 133 996
87 134 854
133 135 912
135 136 868
58 137 860
70 138 889
131 139 765
5 140 532
66 141 899
1 142 937
93 143 721
105 144 972
118 145 884
71 146 736
4 147 571
136 148 607
86 149 855
113 150 704
127 151 525
29 152 988
72 153 702
146 154 983
68 155 617
126 156 503
130 157 686
107 158 733
91 159 832
151 160 749
22 161 596
26 162 663
134 163 592
110 164 629
66 165 753
39 166 614
37 167 983
45 168 788
17 169 935
136 170 936
163 171 877
56 172 691
16 173 653
73 174 963
100 175 955
84 176 628
31 177 567
26 178 565
118 179 718
73 180 873
135 181 512
77 182 592
88 183 749
40 184 963
37 185 509
65 186 509
59 187 931
54 188 724
170 189 961
70 190 707
145 191 569
104 192 744
11 193 531
22 194 615
179 195 982
24 196 555
111 197 726
50 198 685
37 199 710
190 200 882
1 201 744
124 202 695
159 203 975
105 204 611
103 205 825
29 206 780
21 207 657
138 208 812
2 209 984
90 210 624
77 211 637
120 212 573
173 213 842
105 214 580
116 215 756
215 216 902
11 217 714
177 218 824
137 219 614
40 220 540
188 221 626
220 222 632
213 223 514
146 224 628
133 225 784
89 226 740
136 227 545
21 228 714
113 229 565
129 230 695
170 231 883
217 232 871
48 233 753
19 234 553
210 235 862
64 236 590
87 237 597
120 238 647
42 239 746
137 240 684
210 241 944
182 242 643
98 243 868
70 244 944
202 245 766
143 246 974
179 247 902
127 248 812
26 249 955
176 250 787
195 251 839
68 252 519
104 253 840
186 254 643
28 255 962
55 256 849
210 257 637
162 258 947
257 259 891
127 260 717
45 261 869
249 262 906
10 263 828
223 264 737
169 265 778
174 266 752
148 267 884
17 268 978
54 269 805
95 270 874
192 271 987
179 272 870
117 273 798
130 274 696
176 275 899
5 276 570
117 277 556
72 278 711
240 279 690
170 280 647
259 281 928
274 282 814
37 283 935
190 284 590
188 285 610
88 286 822
226 287 651
246 288 689
52 289 914
44 290 778
264 291 587
188 292 826
140 293 678
37 294 541
252 295 725
119 296 814
279 297 582
84 298 678
221 299 643
116 300 972
151 301 928
76 302 513
36 303 1000
8 304 829
252 305 543
17 306 810
88 307 663
75 308 890
222 309 838
273 310 987
147 311 680
110 312 809
13 313 571
172 314 672
312 315 571
195 316 819
2 317 595
198 318 801
158 319 580
304 320 896
95 321 896
114 322 642
281 323 743
23 324 952
162 325 996
68 326 771
1 327 808
241 328 879
264 329 887
166 330 869
159 331 889
94 332 518
237 333 706
162 334 877
221 335 754
262 336 983
270 337 640
220 338 963
285 339 551
264 340 988
46 341 976
272 342 849
243 343 577
285 344 654
210 345 876
149 346 871
202 347 878
238 348 635
264 349 709
51 350 664
336 351 991
323 352 861
59 353 609
284 354 989
9 355 520
265 356 854
318 357 661
157 358 815
161 359 757
245 360 860
175 361 751
93 362 618
103 363 521
246 364 520
137 365 919
334 366 518
177 367 870
143 368 696
69 369 789
241 370 777
146 371 999
254 372 896
193 373 595
247 374 993
18 375 534
111 376 788
222 377 578
349 378 879
65 379 727
171 380 809
292 381 908
166 382 841
51 383 675
17 384 626
162 385 730
18 386 617
324 387 934
384 388 742
254 389 678
329 390 844
304 391 805
59 392 533
40 393 993
23 394 760
257 395 792
316 396 922
29 397 804
146 398 951
160 399 911
226 400 984
387 401 542
242 402 732
79 403 693
31 404 606
337 405 970
87 406 762
41 407 664
114 408 867
163 409 575
332 410 504
355 411 842
42 412 566
20 413 902
347 414 615
54 415 781
345 416 884
18 417 891
386 418 681
257 419 646
242 420 579
174 421 587
202 422 876
248 423 929
252 424 937
378 425 777
209 426 885
307 427 597
281 428 924
138 429 845
194 430 930
73 431 900
63 432 619
157 433 603
126 434 855
205 435 771
186 436 649
102 437 815
367 438 854
66 439 916
432 440 789
383 441 602
345 442 715
109 443 1000
88 444 676
196 445 849
28 446 921
295 447 898
92 448 674
174 449 766
305 450 980
371 451 766
435 452 777
240 453 690
397 454 785
139 455 862
223 456 644
205 457 720
457 458 935
29 459 690
104 460 874
247 461 576
70 462 659
281 463 905
215 464 913
11 465 522
165 466 718
399 467 923
84 468 613
299 469 811
95 470 909
10 471 901
32 472 713
340 473 652
123 474 522
144 475 626
140 476 663
179 477 758
196 478 539
60 479 971
312 480 891
25 481 882
136 482 867
239 483 658
333 484 893
454 485 732
224 486 588
164 487 785
148 488 787
301 489 786
478 490 894
89 491 969
153 492 569
29 493 981
463 494 501
376 495 744
313 496 637
139 497 909
155 498 552
432 499 986
491 500 635
116 501 972
91 502 527
335 503 772
211 504 944
66 505 865
316 506 692
341 507 893
214 508 702
244 509 788
108 510 607
320 511 590
399 512 873
141 513 521
319 514 942
283 515 932
306 516 741
50 517 808
431 518 957
199 519 728
284 520 844
489 521 792
446 522 702
471 523 981
392 524 860
234 525 891
14 526 661
63 527 985
501 528 604
52 529 909
402 530 932
197 531 541
337 532 897
500 533 775
234 534 852
233 535 533
263 536 935
320 537 529
342 538 938
197 539 927
94 540 817
161 541 852
246 542 500
174 543 605
64 544 717
96 545 710
86 546 557
461 547 655
449 548 979
396 549 665
343 550 611
323 551 776
509 552 744
444 553 702
137 554 751
126 555 531
281 556 741
529 557 695
520 558 597
494 559 947
363 560 585
110 561 928
460 562 585
366 563 631
161 564 538
190 565 937
518 566 875
116 567 947
374 568 790
381 569 787
508 570 524
102 571 803
37 572 979
557 573 905
59 574 856
44 575 608
172 576 964
83 577 825
390 578 514
414 579 937
166 580 918
96 581 602
67 582 518
77 583 554
145 584 968
480 585 629
265 586 777
223 587 965
229 588 862
54 589 523
381 590 916
558 591 898
443 592 595
249 593 923
427 594 883
137 595 946
147 596 943
260 597 934
19 598 847
368 599 514
191 600 962
133 601 630
523 602 962
546 603 745
222 604 509
349 605 957
209 606 753
193 607 839
530 608 602
251 609 594
582 610 965
450 611 939
153 612 822
454 613 865
305 614 603
591 615 649
288 616 943
471 617 947
146 618 967
295 619 884
487 620 624
59 621 763
411 622 577
227 623 957
54 624 799
593 625 690
74 626 557
352 627 714
176 628 547
444 629 686
561 630 963
146 631 592
107 632 960
551 633 996
181 634 518
205 635 829
629 636 787
185 637 866
566 638 530
388 639 794
177 640 878
268 641 599
330 642 708
462 643 974
191 644 898
53 645 848
240 646 833
465 647 589
96 648 851
303 649 562
412 650 966
177 651 837
131 652 770
331 653 747
53 654 689
279 655 594
91 656 818
344 657 783
141 658 584
499 659 531
411 660 734
562 661 764
36 662 662
216 663 590
192 664 737
150 665 877
120 666 905
336 667 980
466 668 632
32 669 846
183 670 564
192 671 917
44 672 681
438 673 662
116 674 898
626 675 905
635 676 907
38 677 700
380 678 929
484 679 855
235 680 621
67 681 944
256 682 756
106 683 626
650 684 906
373 685 661
621 686 805
321 687 726
603 688 816
149 689 510
589 690 887
404 691 831
392 692 644
262 693 588
30 694 544
109 695 659
432 696 695
540 697 915
277 698 686
527 699 569
46 700 516
700 701 852
171 702 789
541 703 596
32 704 854
86 705 565
61 706 833
338 707 545
645 708 962
450 709 818
425 710 559
320 711 879
264 712 734
513 713 608
326 714 984
586 715 599
366 716 771
140 717 837
100 718 735
676 719 619
4 720 510
501 721 521
129 722 844
498 723 600
543 724 660
289 725 635
624 726 753
724 727 507
594 728 692
268 729 897
174 730 777
541 731 524
8 732 965
248 733 593
430 734 689
260 735 885
463 736 788
99 737 835
102 738 868
61 739 653
526 740 622
536 741 947
363 742 745
332 743 842
63 744 914
70 745 819
326 746 629
304 747 857
449 748 771
649 749 962
658 750 737
213 751 798
328 752 972
161 753 719
231 754 582
147 755 676
501 756 719
8 757 622
135 758 685
129 759 990
446 760 831
206 761 966
592 762 741
651 763 921
552 764 651
619 765 933
450 766 697
620 767 670
632 768 525
583 769 849
493 770 601
415 771 645
568 772 500
550 773 884
752 774 858
755 775 573
336 776 547
447 777 892
455 778 637
380 779 947
111 780 850
453 781 663
583 782 620
432 783 625
294 784 510
266 785 656
73 786 875
540 787 547
428 788 705
156 789 822
563 790 685
605 791 515
653 792 863
493 793 910
270 794 588
63 795 683
682 796 898
101 797 973
126 798 895
216 799 896
667 800 961
232 801 835
743 802 886
777 803 984
765 804 655
481 805 579
800 806 917
361 807 955
628 808 859
204 809 793
2 810 895
272 811 674
718 812 706
568 813 532
787 814 939
541 815 922
510 816 899
502 817 535
110 818 752
42 819 552
54 820 757
808 821 858
206 822 747
422 823 940
662 824 999
48 825 572
628 826 992
818 827 684
295 828 878
288 829 979
427 830 713
820 831 857
56 832 932
107 833 670
10 834 523
518 835 776
4 836 998
507 837 724
682 838 793
798 839 720
442 840 829
819 841 838
159 842 641
293 843 883
296 844 691
780 845 904
486 846 503
645 847 657
353 848 652
728 849 611
804 850 688
740 851 676
267 852 555
747 853 801
133 854 713
82 855 766
713 856 788
731 857 541
20 858 554
34 859 850
670 860 914
193 861 757
425 862 936
835 863 996
784 864 534
57 865 786
712 866 666
750 867 590
158 868 787
829 869 969
4 870 804
61 871 547
498 872 790
448 873 992
661 874 766
8 875 974
228 876 599
740 877 555
230 878 569
542 879 951
765 880 838
74 881 585
446 882 810
188 883 759
141 884 740
837 885 571
370 886 686
710 887 552
454 888 738
575 889 659
59 890 949
420 891 756
571 892 680
174 893 669
714 894 697
92 895 809
226 896 608
78 897 858
428 898 612
706 899 535
85 900 638
839 901 708
212 902 822
158 903 970
789 904 616
372 905 868
801 906 507
169 907 900
98 908 780
360 909 727
78 910 746
701 911 868
420 912 973
86 913 510
851 914 795
1 915 882
538 916 898
143 917 942
358 918 605
67 919 803
454 920 600
38 921 512
918 922 983
305 923 625
846 924 701
907 925 520
407 926 877
346 927 835
622 928 845
122 929 613
871 930 515
911 931 775
587 932 610
252 933 890
925 934 866
471 935 665
193 936 842
243 937 635
757 938 551
355 939 558
883 940 732
796 941 899
918 942 790
634 943 526
294 944 922
717 945 791
282 946 566
862 947 789
921 948 559
661 949 833
378 950 867
172 951 576
776 952 884
294 953 647
329 954 623
699 955 735
160 956 948
908 957 874
269 958 811
657 959 571
372 960 987
277 961 930
713 962 675
55 963 619
644 964 611
929 965 610
352 966 807
746 967 666
24 968 745
239 969 609
167 970 542
189 971 1000
785 972 804
618 973 608
181 974 807
527 975 599
785 976 606
813 977 778
474 978 503
473 979 966
682 980 513
66 981 816
220 982 817
166 983 578
244 984 838
366 985 949
870 986 585
312 987 809
804 988 945
322 989 536
614 990 580
774 991 960
85 992 726
242 993 738
314 994 946
391 995 934
866 996 905
973 997 615
761 998 665
427 999 555
466 271 806
114 465 965
894 324 830
5 46 539
283 759 690
15 727 688
938 896 867
54 688 847
670 221 539
721 736 650
398 492 640
300 962 961
192 774 732
970 354 664
489 427 772
431 219 796
616 863 761
252 718 926
609 86 651
446 590 501
121 669 607
702 69 550
598 580 622
274 802 782
942 192 667
362 278 750
852 756 928
407 804 837
854 592 966
668 800 995
557 127 730
241 19 636
963 896 779
301 52 971
183 345 896
661 507 876
302 562 602
864 797 718
802 608 854
9 564 868
982 402 692
763 354 661
645 679 537
910 323 761
25 822 881
602 75 569
425 892 781
540 530 628
17 781 755
216 291 715
534 928 745
357 556 899
4 224 840
462 326 937
580 783 979
126 100 512
237 62 711
241 171 873
989 592 696
227 70 932
735 931 977
494 83 689
731 166 649
706 486 805
469 360 704
888 684 644
219 618 901
498 887 937
167 53 832
597 5 908
798 708 636
196 842 824
559 197 541
956 998 628
339 986 613
444 750 552
465 500 912
704 106 612
645 559 603
208 334 655
839 329 601
115 506 974
986 190 933
4 152 917
384 999 627
825 395 887
762 342 996
253 221 946
172 107 704
310 277 948
149 934 594
188 103 832
836 31 678
707 918 549
448 413 524
518 530 718
560 701 531
716 318 806
281 4 952
939 598 640
585 527 699
476 220 505
913 871 880
244 60 668
249 110 961
116 370 742
137 833 794
114 527 884
631 505 724
569 333 540
89 135 511
259 110 746
927 328 721
685 632 949
718 999 587
328 832 592
226 320 696
977 241 778
690 682 591
445 446 773
258 457 704
257 891 738
56 679 975
592 903 534
218 869 505
527 294 654
288 433 877
996 688 598
875 387 887
291 677 596
968 107 673
807 171 681
26 965 884
251 639 741
796 994 740
314 235 691
800 406 926
878 969 869
119 987 668
441 389 528
410 424 902
999 353 511
203 301 802
923 680 871
563 604 947
56 150 891
502 74 568
371 481 527
871 241 952
396 998 521
710 913 854
855 24 971
114 138 718
609 376 547
535 311 782
56 23 994
376 571 820
412 180 758
497 919 750
923 349 950
366 835 821
279 112 980
888 910 851
734 214 807
721 248 733
512 133 794
215 420 906
599 758 833
374 878 891
451 138 627
780 839 503
89 6 898
610 337 511
186 631 716
11 98 570
783 870 788
691 597 864
626 364 793
764 325 853
477 412 720
278 547 605
985 531 648
910 421 801
196 860 944
739 118 586
999 804 969
672 838 828
342 992 712
534 430 593
786 416 757
501 335 515
18 770 650
968 580 552
118 880 784
441 559 858
473 512 752
198 294 914
244 23 951
810 502 819
865 975 967
113 437 585
193 749 895
104 15 560
682 996 880
173 525 944
249 310 956
408 875 653
391 63 991
702 171 526
644 411 512
110 128 617
342 345 642
848 221 685
578 384 702
18 60 999
987 576 628
886 254 621
139 382 661
349 964 730
865 672 975
286 16 928
233 753 559
667 689 782
201 925 806
298 278 877
793 996 991
747 660 767
431 719 834
354 226 723
126 844 907
629 672 969
315 325 995
841 115 603
168 812 510
332 529 501
357 845 755
342 307 607
5 287 642
468 531 839
571 363 904
740 543 567
366 27 961
478 789 532
15 640 551
972 823 944
933 620 730
634 303 956
876 358 704
754 753 707
284 918 642
700 784 993
89 177 949
822 96 745
33 696 580
3 765 613
665 352 865
723 938 652
136 149 647
22 678 847
601 900 655
685 969 870
232 653 667
592 674 990
650 504 860
367 65 814
58 628 868
262 862 781
209 915 684
955 203 529
966 674 998
598 809 561
348 970 795
862 281 882
896 11 919
826 538 763
431 834 597
179 346 658
739 448 794
534 398 931
624 644 975
759 943 700
772 749 888
887 396 518
671 186 585
862 246 784
161 196 541
389 962 516
337 841 505
292 223 718
986 555 656
970 613 565
93 295 698
982 885 993
864 114 946
563 260 564
80 464 740
482 22 960
317 872 931
183 654 549
918 508 911
453 773 569
268 726 547
686 692 803
785 36 957
108 71 847
114 764 614
604 769 578
646 565 705
829 285 923
611 595 864
367 440 828
886 668 582
767 505 624
945 579 535
629 750 613
313 322 624
31 475 511
218 886 982
649 689 745
113 210 638
269 613 584
33 29 881
319 785 885
141 481 840
406 69 549
487 946 969
279 565 816
780 413 540
660 378 957
250 46 907
711 472 562
516 34 963
571 778 500
278 756 529
957 781 688
915 41 821
501 259 700
443 285 544
51 336 633
837 650 689
113 872 556
631 934 517
491 766 598
126 916 807
624 5 580
996 711 878
366 31 671
378 83 789
248 62 913
36 150 641
943 898 1000
394 66 917
901 476 526
971 219 646
54 49 964
329 512 635
413 425 517
493 13 665
882 199 728
967 888 508
818 878 686
401 950 776
415 582 758
156 612 858
182 481 821
526 219 999
41 452 892
505 954 753
210 236 863
156 639 658
199 256 592
763 314 544
56 611 603
733 624 741
67 561 744
777 670 658
626 134 542
893 746 773
865 815 688
575 372 781
802 255 999
375 587 574
144 157 929
851 40 620
116 69 598
577 375 832
485 350 659
895 14 718
362 522 900
434 933 984
158 384 914
287 911 621
630 385 606
162 289 669
421 406 990
878 930 791
221 651 848
466 788 806
515 625 638
595 533 850
690 818 819
301 721 971
336 472 708
608 419 657
513 975 819
623 970 834
504 551 910
238 465 880
750 929 749
684 419 935
616 141 859
274 501 897
509 575 595
387 941 743
994 42 926
356 486 665
827 231 524
707 806 982
878 97 826
433 322 621
373 735 514
326 999 872
297 353 549
662 299 793
680 115 548
237 527 584
650 833 590
72 387 647
457 791 921
483 118 521
59 300 592
657 331 749
78 174 832
238 796 852
6 90 635
605 703 892
941 171 791
859 259 500
777 8 788
181 629 553
492 552 517
192 995 535
898 211 969
890 421 705
320 741 758
919 13 717
110 441 535
285 851 803
626 459 998
457 195 994
823 159 916
119 107 646
703 640 814
576 262 994
365 185 846
284 357 868
71 172 609
337 799 573
511 375 999
252 257 895
721 373 508
657 82 921
762 252 669
740 853 917
190 591 928
103 424 630
545 212 820
177 77 799
627 912 928
465 533 962
573 286 513
550 978 695
27 282 833
323 642 507
551 151 905
264 958 871
20 281 560
516 979 881
53 17 841
287 303 522
856 63 787
539 283 630
170 803 774
783 523 988
672 85 661
825 447 518
369 738 767
775 947 831
820 781 664
24 234 745
203 775 753
49 219 881
983 909 792
228 463 589
118 338 835
555 465 658
593 942 711
879 764 898
81 31 607
28 861 516
924 412 751
395 205 738
918 279 677
186 120 552
979 520 758
523 55 744
136 18 751
587 647 532
456 924 693
650 534 522
21 819 582
978 570 838
310 781 830
208 881 711
21 220 545
611 521 925
967 351 943
337 733 927
420 946 824
33 190 597
927 517 556
400 863 778
949 171 579
448 825 646
272 112 677
131 335 521
496 958 793
622 488 507
303 753 660
96 345 904
230 739 541
823 14 558
552 857 713
295 749 769
547 661 711
40 223 508
958 16 618
785 298 898
771 564 886
403 593 521
845 364 682
953 55 842
552 367 643
940 636 805
460 165 737
729 931 815
42 297 673
906 301 819
805 61 674
608 46 806
808 754 674
226 231 613
839 309 705
114 551 999
999 393 710
319 572 906
686 197 995
463 143 524
441 824 902
126 571 935
554 442 718
824 222 959
400 920 866
273 602 631
294 167 788
439 781 794
531 950 995
193 175 978
17 181 818
181 500 878
833 469 585
144 378 548
699 340 559
753 902 849
196 29 847
799 741 916
760 421 695
214 441 980
152 83 793
325 399 912
537 968 583
758 226 560
460 954 817
952 5 869
220 739 795
893 689 699
88 970 967
657 58 770
921 652 695
17 625 608
136 192 966
826 849 751
23 705 705
679 356 926
24 622 909
746 400 824
302 68 766
97 900 771
656 443 856
68 424 617
431 236 931
326 389 555
722 572 623
595 691 514
897 553 690
305 345 661
771 484 973
146 453 690
653 343 653
87 484 502
527 322 943
947 991 539
580 167 527
138 634 593
944 882 805
85 935 582
720 745 587
475 574 830
48 590 572
803 60 823
40 166 545
511 429 799
172 629 630
682 481 590
609 196 513
359 466 738
556 516 512
194 56 507
489 186 964
934 155 860
809 515 566
753 906 912
686 63 905
614 292 561
631 643 970
891 860 796
615 445 759
27 947 605
107 422 645
541 292 785
257 379 843
315 732 642
135 454 752
132 965 813
181 186 683
726 542 825
4 186 738
769 7 704
896 615 917
210 566 902
663 869 744
455 762 842
636 930 648
593 418 828
15 248 593
391 421 835
421 389 602
335 409 778
477 739 902
226 626 541
207 953 918
773 578 835
518 320 948
376 117 779
718 125 856
283 834 783
470 680 994
361 622 959
934 727 567
29 642 722
374 377 929
353 107 994
909 559 961
876 224 714
968 311 746
664 777 736
957 289 546
496 205 783
488 521 954
346 460 525
295 523 684
691 88 681
45 351 600
732 685 981
437 640 814
841 673 534
72 242 599
920 876 987
790 876 611
926 641 995
524 891 906
801 39 965
567 767 989
904 880 777
23 320 666
266 810 976
680 542 777
118 6 772
17 540 953
843 887 653
462 80 845
120 655 556
379 430 846
613 0 542
160 37 576
128 297 695
274 652 557
448 595 988
820 781 635
49 328 701
188 928 948
898 558 866
210 999 565
358 165 898
26 275 550
34 827 885
465 729 581
757 26 977
87 809 836
669 78 889
722 903 838
229 145 691
224 428 647
464 397 505
50 302 555
541 525 977
132 60 639
558 991 993
708 787 625
679 633 732
230 543 614
603 672 816
406 686 637
500 121 761
874 205 558
393 100 892
779 852 934
440 118 620
93 238 907
971 227 533
281 165 597
912 830 625
768 687 656
776 589 884
852 691 708
963 420 537
766 810 906
722 294 779
883 364 914
6 684 809
748 765 943
614 819 523
745 536 671
884 41 836
360 806 851
181 677 569
200 661 520
829 658 736
366 92 524
52 230 954
849 915 938
605 603 934
631 472 533
793 938 664
575 699 718
832 161 707
715 405 875
270 792 936
981 397 944
724 224 984
257 917 509
378 817 735
453 218 793
847 616 915
300 158 766
837 865 969
875 365 534
265 542 751
913 516 972
971 596 675
377 449 987
484 143 702
383 936 800
164 379 804
532 726 953
843 747 951
278 104 830
738 799 755
160 989 509
304 639 563
115 584 932
589 349 514
904 406 620
618 939 501
531 969 766
147 980 599
840 775 680
710 574 565
934 512 853
19 250 701
199 183 797
972 983 538
318 1 886
395 758 519
511 914 506
236 502 631
497 245 703
367 954 946
455 911 533
874 818 840
139 185 750
309 887 968
772 928 808
479 580 840
728 456 943
230 294 970
507 314 708
138 812 817
809 867 800
343 788 740
674 933 768
734 811 780
644 943 914
512 198 966
888 556 646
908 426 522
497 672 559
755 573 912
674 840 838
116 913 820
203 316 696
688 444 858
80 842 747
255 58 1000
388 34 646
872 8 914
232 39 845
928 55 948
709 931 551
465 984 776
913 336 970
940 369 973
908 537 942
921 726 534
419 178 502
975 619 707
623 542 646
997 660 506
309 955 729
576 87 583
808 799 672
251 306 585
551 341 966
46 431 612
930 427 976
597 879 642
730 318 669
820 519 542
123 846 567
360 63 772
381 792 923
499 409 968
602 922 858
294 61 898
721 358 826
119 249 638
604 647 803
545 705 618
223 41 544
931 523 850
233 209 632
424 339 652
89 1 779
160 914 574
709 147 743
342 312 543
575 78 717
347 867 504
620 186 937
79 829 929
491 497 883
46 17 749
693 300 557
142 731 744
199 566 592
330 739 898
515 834 565
429 58 797
341 996 907
706 435 867
256 219 731
59 505 936
864 495 701
3 279 509
83 978 937
124 884 557
202 372 533
258 422 590
356 474 862
268 391 729
925 942 848
949 908 526
470 687 720
814 427 606
502 153 866
774 470 830
516 128 750
228 255 741
559 549 620
436 381 936
607 460 983
135 713 684
124 68 707
444 653 576
599 698 559
280 541 942
89 462 863
904 726 787
193 509 977
791 886 930
154 12 557
694 525 858
536 214 894
67 59 943
91 851 947
627 187 554
775 444 673
202 883 699
50 339 946
841 502 941
62 537 728
715 20 914
378 664 631
846 887 885
458 981 735
402 913 997
889 624 709
869 421 981
867 680 647
355 802 960
220 174 903
778 200 719
417 444 801
322 409 857
729 757 912
514 569 986
222 481 982
817 90 1000
294 623 907
945 296 836
554 876 753
739 307 771
209 376 978
527 206 538
395 113 895
952 828 821
632 966 765
141 12 930
444 359 561
753 889 929
242 604 905
651 556 749
696 325 899
749 879 838
453 471 993
181 359 835
183 251 740
764 251 722
433 671 963
311 750 835
320 235 629
84 609 517
77 113 980
301 277 684
520 833 563
234 643 669
738 163 576
544 245 660
282 832 621
258 441 916
253 145 981
861 802 508
136 134 583
297 289 783
833 519 612
727 493 694
753 962 770
403 254 775
116 216 977
703 83 762
499 772 941
808 454 678
737 165 731
482 941 819
724 949 674
819 735 737
319 289 945
675 434 895
732 41 750
141 922 713
303 596 647
506 738 948
925 153 574
198 740 914
180 190 883
629 84 565
29 100 574
38 97 670
102 614 955
133 995 837
987 632 675
227 761 976
167 859 663
987 884 582
649 797 504
994 824 767
35 226 564
588 699 569
322 434 752
994 720 703
546 711 731
866 711 694
757 812 996
599 154 921
176 72 811
972 852 821
864 523 649
188 694 945
47 320 927
280 440 896
136 598 821
812 431 738
883 898 959
175 32 849
56 185 868
298 363 536
942 38 572
81 4 505
697 261 698
798 241 948
454 719 673
426 888 918
874 385 836
234 860 749
908 565 554
53 789 943
143 687 597
325 160 552
38 95 918
255 40 761
70 129 868
656 251 582
752 533 593
182 889 774
672 149 758
94 357 959
950 797 809
770 847 685
934 781 912
80 803 768
5 499 700
804 386 780
533 19 565
561 536 797
236 350 559
118 345 514
43 317 986
639 590 955
613 720 825
603 174 758
682 644 837
387 341 620
409 741 824
111 439 858
965 363 793
377 257 591
875 335 777
17 822 680
377 941 998
827 105 607
283 920 724
416 259 530
526 879 949
434 277 773
862 801 555
827 592 863
110 535 608
534 687 727
132 395 855
140 318 801
165 156 654
768 982 705
395 35 951
287 31 692
466 248 730
373 559 824
642 922 593
911 989 788
77 155 901
829 173 724
737 108 740
137 641 792
322 889 846
412 379 648
263 296 984
956 917 577
309 925 834
639 40 738
300 978 770
232 430 902
447 239 574
3 187 738
657 309 707
302 469 600
704 139 711
498 871 622
909 68 523
440 245 527
574 732 768
894 328 706
778 41 753
586 954 614
421 776 658
179 559 836
15 335 576
160 817 996
423 469 919
503 539 984
366 165 768
441 106 569
534 540 589
60 737 781
993 275 841
20 205 877
520 179 723
449 437 922
298 657 585
505 965 956
978 665 842
125 241 614
553 269 904
746 814 822
393 805 856
325 262 577
33 989 961
691 845 750
413 831 682
367 977 966
685 925 736
590 24 645
743 114 716
887 185 796
623 802 583
692 579 735
286 697 807
825 734 826
497 79 808
89 933 853
460 177 881
175 76 688
120 751 864
910 907 514
350 472 514
717 80 954
126 28 974
515 116 595
427 780 516
346 82 661
240 679 845
382 53 628
837 333 595
290 300 622
63 24 865
535 85 658
895 174 812
537 906 597
963 344 657
973 164 515
718 265 676
449 716 612
117 932 846
470 248 704
635 298 570
191 720 843
387 91 989
353 312 627
600 599 981
874 419 622
306 915 790
128 717 645
345 718 805
654 793 970
831 473 537
60 734 948
21 342 848
231 643 846
712 679 800
584 836 638
301 962 717
152 370 530
801 802 848
754 485 588
4 378 572
710 761 759
561 28 957
734 644 643
505 963 758
120 792 500
982 342 735
245 33 502
473 218 708
505 614 564
965 921 933
38 990 802
977 748 594
760 422 725
8 446 595
546 642 917
763 929 850
79 94 961
506 228 595
262 25 957
486 210 633
635 340 1000
644 242 914
948 996 743
763 543 648
922 275 951
693 45 710
113 277 509
501 614 562
723 453 616
606 659 648
102 398 598
625 176 950
81 881 699
141 263 615
177 267 823
719 797 963
57 774 629
74 304 502
755 893 861
560 162 583
182 72 811
55 925 991
878 769 945
369 240 506
50 268 846
99 523 793
488 120 990
431 760 893
311 951 657
456 209 816
402 161 685
163 318 557
854 620 787
383 322 690
173 396 741
584 92 874
999 694 644
544 677 816
384 336 620
867 863 547
577 202 955
566 697 676
450 528 664
635 30 695
220 482 700
267 292 593
158 17 743
905 913 732
532 806 756
440 972 848
991 16 915
346 424 616
712 899 613
808 247 644
272 90 746
51 558 763
715 560 856
31 96 845
472 899 989
284 93 878
330 55 817
421 946 663
158 875 932
832 786 509
15 561 873
855 634 739
417 775 835
516 467 681
253 30 790
639 863 847
907 589 587
575 455 698
276 283 1000
971 484 732
366 442 567
689 638 676
830 101 507
700 336 964
830 103 966
303 26 527
770 326 888
264 141 827
520 41 735
294 102 808
984 78 829
483 159 632
658 136 932
439 333 773
685 324 731
849 527 888
413 195 721
794 389 868
17 108 623
960 104 776
64 370 515
822 134 970
559 883 931
84 145 695
134 36 785
615 540 926
364 353 630
115 627 757
354 827 743
745 140 699
115 616 652
626 244 883
265 5 941
541 694 661
431 915 651
31 661 522
576 484 961
866 231 753
962 568 667
642 792 761
223 672 963
822 146 961
469 696 695
934 206 623
174 76 835
53 975 591
392 910 990
588 599 729
926 591 550
921 507 526
67 992 752
930 778 907
353 596 758
635 961 966
429 330 571
543 783 878
94 684 706
730 649 957
901 305 696
11 266 819
327 594 924
369 983 677
126 679 845
789 18 879
805 752 673
430 751 808
200 970 841
454 266 591
710 569 806
880 399 562
804 250 873
420 959 956
756 911 589
137 741 874
759 251 531
849 899 903
650 525 900
125 970 915
466 624 772
958 913 549
242 735 897
418 766 717
369 689 552
858 336 739
113 186 794
648 412 779
74 134 839
688 756 871
143 55 672
427 56 617
247 5 800
664 507 736
352 348 979
79 360 807
846 209 537
396 733 831
24 212 822
620 361 575
432 492 881
990 120 809
702 749 786
579 179 850
961 422 516
129 561 979
623 659 772
239 231 640
335 414 647
213 254 978
310 548 978
455 351 598
581 865 668
655 723 700
906 109 842
595 877 797
625 897 567
33 651 772
968 755 866
646 943 522
908 856 711
422 697 729
137 548 719
603 187 856
442 141 840
9 655 620
119 758 868
916 495 608
546 430 732
903 206 831
203 816 997
631 700 920
775 807 848
265 694 834
953 561 602
297 67 665
368 619 842
47 175 975
104 887 926
152 119 752
28 729 528
914 792 678
844 193 936
91 693 531
840 520 891
593 871 906
238 558 930
949 17 915
661 646 718
879 794 530
630 831 624
587 554 873
853 774 802
330 821 783
782 163 940
179 392 708
878 113 701
583 677 920
546 251 553
326 316 652
467 662 864
909 835 534
934 61 567
543 407 793
230 725 508
735 732 755
559 597 963
316 103 796
697 401 929
134 192 556
23 857 820
388 143 600
558 916 554
367 232 759
98 723 939
114 654 857
156 735 992
361 853 859
102 461 761
609 290 824
188 914 619
883 877 558
810 232 831
537 557 743
333 729 960
979 465 534
556 269 588
25 488 815
68 193 852
217 581 590
177 929 716
166 670 651
887 410 899
766 911 873
656 507 566
692 516 545
452 852 715
152 178 574
312 824 980
554 335 687
588 352 793
567 892 913
283 969 791
787 661 870
229 799 984
357 334 889
850 851 572
618 896 765
640 981 754
74 980 829
209 95 896
886 424 974
271 548 559
597 213 922
845 148 760
735 575 895
738 818 963
690 620 656
21 762 774
647 914 810
875 61 937
881 111 623
790 344 536
165 110 869
520 40 940
43 71 951
819 313 582
670 289 823
681 278 601
403 481 924
628 730 982
37 194 822
722 79 684
970 443 903
333 456 733
141 498 742
2 146 958
731 827 869
338 736 926
501 932 887
676 682 503
217 988 753
281 271 951
651 914 905
93 35 818
478 385 711
535 59 987
292 10 636
966 159 526
927 862 790
511 905 675
964 112 824
588 269 901
836 980 722
784 265 914
689 572 913
886 874 628
756 845 543
949 776 868
629 383 964
46 194 887
440 592 850
154 717 600
500 121 632
442 752 782
718 830 854
165 846 891
106 870 997
652 597 805
706 174 912
427 523 898
369 586 809
849 358 688
569 429 742
652 931 910
802 882 963
726 809 553
742 713 536
72 590 804
34 340 530
417 666 908
673 119 555
443 563 917
759 144 887
774 313 555
180 171 514
22 980 953
52 232 739
703 558 827
600 112 797
351 183 827
209 149 711
25 432 778
816 199 824
932 702 682
783 100 700
437 491 907
332 460 873
851 34 582
522 225 914
612 432 940
794 111 861
444 35 999
936 690 760
781 249 502
584 744 685
131 315 608
26 374 581
59 405 913
741 254 530
648 653 707
352 590 874
689 738 784
56 208 638
776 896 693
770 539 617
193 561 713
145 636 951
297 384 866
436 114 648
429 462 752
792 872 531
945 727 931
843 101 504
221 536 658
915 727 843
232 520 983
133 195 651
290 742 809
388 558 829
6 748 676
326 170 561
664 875 560
874 342 974
647 617 849
624 923 614
298 388 764
166 260 627
910 496 844
499 135 596
402 767 529
889 566 645
78 535 711
814 96 719
192 334 576
725 832 799
16 431 553
60 449 644
421 253 959
258 832 908
97 430 977
899 553 695
560 281 835
227 246 734
891 663 707
985 445 873
119 618 807
416 103 516
950 217 960
208 782 960
393 978 676
69 2 873
24 318 601
404 707 612
250 486 542
890 540 840
218 525 772
427 743 793
496 597 832
972 657 702
188 450 875
420 836 744
422 15 515
205 412 557
339 276 827
932 273 666
534 440 940
776 280 672
977 528 708
181 794 982
691 341 865
880 718 675
766 981 516
440 127 871
22 430 755
18 705 674
660 80 741
116 87 946
793 502 975
904 991 588
680 57 790
71 244 947
338 159 926
79 26 921
143 598 745
742 834 532
858 538 955
155 184 856
502 462 607
280 684 971
206 189 1000
802 200 704
479 376 516
551 79 647
596 373 669
999 357 668
408 902 585
554 11 552
57 759 962
984 958 858
556 612 925
709 582 545
586 114 992
971 454 970
183 350 527
698 794 923
785 655 920
956 609 979
342 666 779
741 553 555
202 348 605
490 792 712
709 57 855
890 815 779
758 806 817
107 982 759
148 116 659
810 408 890
631 637 850
509 187 655
75 884 900
295 59 761
228 268 791
975 575 608
605 683 746
139 390 936
366 241 577
487 403 793
882 114 922
704 348 576
611 323 664
878 164 535
425 243 729
780 820 650
810 802 578
321 241 830
318 600 960
419 523 537
16 419 672
354 438 958
495 708 827
850 371 822
658 28 725
655 409 770
252 377 944
778 37 671
716 925 539
217 340 957
599 161 750
338 517 638
833 105 556
695 731 787
137 465 910
152 260 626
402 963 869
260 57 750
935 2 598
225 995 628
451 660 503
647 589 580
60 67 679
814 333 972
547 420 503
666 777 551
568 740 514
18 909 702
652 511 554
93 14 516
137 244 778
58 361 652
924 514 792
204 25 988
296 22 853
533 463 767
130 287 943
710 714 866
918 928 656
485 463 984
316 317 612
528 926 939
904 156 585
612 408 742
616 596 998
754 506 616
584 18 698
11 222 982
1 424 626
640 35 651
917 406 770
871 508 547
995 76 603
124 923 685
165 663 920
188 790 722
954 130 869
539 102 724
745 328 525
71 945 912
823 983 729
205 677 610
465 242 748
943 366 552
916 684 990
177 321 720
697 562 676
829 908 910
169 507 854
800 620 924
547 70 907
636 493 623
399 575 798
305 684 818
246 590 790
410 259 550
180 712 774
557 632 641
239 650 841
368 427 980
104 829 891
12 255 691
774 959 609
398 10 810
727 578 916
561 918 800
116 486 502
307 926 659
887 21 789
137 258 647
331 294 970
379 184 578
619 908 697
482 870 510
894 1 553
274 208 869
672 537 910
465 631 776
193 341 781
337 17 962
680 481 937
901 469 890
139 381 608
31 70 548
772 546 685
795 444 970
354 783 855
67 172 517
918 923 974
345 803 774
391 143 822
431 201 526
223 376 531
792 884 731
812 628 736
150 740 526
262 663 856
499 285 531
994 337 804
521 423 664
442 685 723
317 485 883
711 991 607
639 346 700
457 309 540
811 274 952
103 682 882
427 336 577
840 633 633
942 914 852
130 746 613
683 727 838
453 874 955
820 416 935
853 650 896
111 915 656
979 565 904
463 392 941
36 654 720
175 716 590
38 879 770
886 149 851
720 961 936
744 345 670
911 523 540
843 139 600
109 909 719
32 404 707
568 465 830
549 544 505
807 0 604
359 807 558
147 274 662
383 144 666
349 139 569
337 542 880
872 921 520
681 768 674
542 892 527
419 742 501
341 557 579
693 714 910
858 454 876
746 206 645
170 60 655
965 274 846
547 120 904
722 597 800
373 66 615
220 599 555
412 188 894
581 315 916
634 99 916
619 302 531
66 857 886
27 811 915
919 517 955
709 890 799
58 204 992
434 328 560
734 762 934
149 416 874
491 938 798
222 919 819
571 964 638
854 18 603
485 753 540
219 581 805
752 354 588
107 969 550
745 920 602
440 730 718
62 987 696
489 463 989
578 748 828
198 246 789
95 753 970
578 437 635
771 477 780
586 458 773
969 200 614
963 186 704
378 736 938
927 160 634
924 511 654
976 396 791
269 191 983
640 791 501
39 630 836
687 364 904
131 206 746
541 305 589
735 736 534
339 124 711
214 832 589
684 375 961
17 883 508
235 171 674
439 754 759
819 967 569
642 319 873
778 532 769
17 37 619
787 916 740
859 788 865
616 178 795
498 506 690
735 638 772
610 72 515
729 728 539
470 929 881
365 922 619
55 911 930
36 0 552
910 947 879
644 301 583
243 451 811
63 305 738
24 146 948
888 788 720
495 389 791
753 670 754
576 678 935
26 55 895
899 213 693
224 860 713
231 577 886
427 103 749
757 24 878
477 323 529
842 821 834
163 596 960
668 240 896
909 313 543
54 500 909
932 227 635
397 153 605
42 298 817
