# nodes
0 GENERATOR 0 10000
1 SUBSTATION 0 0
2 SUBSTATION 0 0
3 SUBSTATION 0 0
4 SUBSTATION 0 0
5 SUBSTATION 0 0
6 SUBSTATION 0 0
7 SUBSTATION 0 0
8 SUBSTATION 0 0
9 SUBSTATION 0 0
10 SUBSTATION 0 0
11 SUBSTATION 0 0
12 SUBSTATION 0 0
13 SUBSTATION 0 0
14 SUBSTATION 0 0
15 SUBSTATION 0 0
16 SUBSTATION 0 0
17 SUBSTATION 0 0
18 SUBSTATION 0 0
19 SUBSTATION 0 0
20 SUBSTATION 0 0
21 SUBSTATION 0 0
22 SUBSTATION 0 0
23 SUBSTATION 0 0
24 SUBSTATION 0 0
25 SUBSTATION 0 0
26 SUBSTATION 0 0
27 SUBSTATION 0 0
28 SUBSTATION 0 0
29 SUBSTATION 0 0
30 SUBSTATION 0 0
31 SUBSTATION 0 0
32 SUBSTATION 0 0
33 SUBSTATION 0 0
34 SUBSTATION 0 0
35 SUBSTATION 0 0
36 SUBSTATION 0 0
37 SUBSTATION 0 0
38 SUBSTATION 0 0
39 SUBSTATION 0 0
40 SUBSTATION 0 0
41 SUBSTATION 0 0
42 SUBSTATION 0 0
43 SUBSTATION 0 0
44 SUBSTATION 0 0
45 SUBSTATION 0 0
46 SUBSTATION 0 0
47 SUBSTATION 0 0
48 SUBSTATION 0 0
49 SUBSTATION 0 0
50 SUBSTATION 0 0
51 SUBSTATION 0 0
52 SUBSTATION 0 0
53 SUBSTATION 0 0
54 SUBSTATION 0 0
55 SUBSTATION 0 0
56 SUBSTATION 0 0
57 SUBSTATION 0 0
58 SUBSTATION 0 0
59 SUBSTATION 0 0
60 SUBSTATION 0 0
61 SUBSTATION 0 0
62 SUBSTATION 0 0
63 SUBSTATION 0 0
64 SUBSTATION 0 0
65 SUBSTATION 0 0
66 SUBSTATION 0 0
67 SUBSTATION 0 0
68 SUBSTATION 0 0
69 SUBSTATION 0 0
70 SUBSTATION 0 0
71 SUBSTATION 0 0
72 SUBSTATION 0 0
73 SUBSTATION 0 0
74 SUBSTATION 0 0
75 SUBSTATION 0 0
76 SUBSTATION 0 0
77 SUBSTATION 0 0
78 SUBSTATION 0 0
79 SUBSTATION 0 0
80 CITY 196 0
81 CITY 173 0
82 CITY 50 0
83 CITY 52 0
84 CITY 151 0
85 CITY 193 0
86 CITY 174 0
87 CITY 88 0
88 CITY 142 0
89 CITY 153 0
90 CITY 91 0
91 CITY 162 0
92 CITY 85 0
93 CITY 155 0
94 CITY 56 0
95 CITY 154 0
96 CITY 125 0
97 CITY 192 0
98 CITY 77 0
99 CITY 170 0

# edges
0 1 819
1 2 877
0 3 544
2 4 728
1 5 573
1 6 518
3 7 955
0 8 748
2 9 581
7 10 529
3 11 605
5 12 579
6 13 840
4 14 817
12 15 834
11 16 772
4 17 937
5 18 598
2 19 811
12 20 967
4 21 818
14 22 588
11 23 776
0 24 791
24 25 553
24 26 627
17 27 568
18 28 719
0 29 961
3 30 545
20 31 724
4 32 849
32 33 754
11 34 871
7 35 1000
22 36 621
15 37 955
9 38 860
0 39 529
3 40 990
1 41 696
27 42 985
39 43 734
1 44 806
33 45 517
1 46 743
2 47 647
11 48 555
47 49 651
23 50 916
28 51 696
34 52 538
33 53 778
20 54 947
15 55 712
49 56 766
13 57 805
0 58 782
38 59 886
4 60 716
28 61 774
46 62 730
23 63 540
10 64 505
9 65 835
13 66 969
19 67 773
7 68 731
46 69 927
24 70 775
43 71 604
27 72 709
67 73 606
47 74 610
47 75 985
32 76 786
58 77 631
45 78 540
78 79 828
56 80 760
40 81 852
41 82 878
34 83 889
17 84 564
24 85 657
65 86 880
59 87 570
31 88 865
75 89 763
68 90 571
69 91 683
86 92 517
14 93 720
24 94 710
84 95 920
13 96 949
2 97 776
19 98 597
57 99 985
32 22 926
30 50 706
82 10 528
43 75 666
69 34 926
78 96 968
15 13 676
21 78 705
57 89 685
34 27 789
84 95 566
45 12 508
94 39 990
36 77 788
34 52 910
51 63 600
72 58 857
21 79 637
96 50 516
71 41 830
22 21 881
40 83 831
23 1 637
78 47 646
38 4 822
39 38 943
8 91 848
16 23 923
82 4 804
67 37 712
84 28 855
54 3 555
27 69 934
60 95 980
55 12 558
14 51 851
69 58 946
40 98 926
41 53 550
84 55 997
65 12 691
27 94 675
42 21 582
14 97 753
22 72 762
71 51 695
70 20 565
73 57 974
0 64 514
84 55 721
16 35 652
49 4 907
65 86 589
55 60 612
24 45 785
51 26 576
57 29 958
28 45 787
81 54 794
33 82 918
80 93 846
64 15 855
67 69 565
54 12 965
41 57 532
38 62 952
56 39 712
19 37 629
46 90 786
42 84 619
38 69 577
81 61 742
42 82 929
20 17 977
18 32 869
92 94 914
33 90 780
30 20 524
17 91 811
96 27 906
62 80 717
50 73 813
79 41 653
79 52 652
42 20 744
8 4 828
80 98 906
47 69 806
85 2 938
15 85 630
90 44 719
43 32 785
21 88 883
86 45 685
87 25 508
55 50 959
22 96 789
17 32 815
80 54 527
48 56 584
60 48 710
98 12 751
30 77 899
33 27 792
34 84 777
71 77 873
44 39 578
69 86 772
95 56 564
59 93 918
8 21 511
65 48 726
55 91 577
67 30 588
81 97 713
28 64 867
75 91 693
46 90 985
78 3 844
73 23 501
20 3 882
56 35 925
74 61 625
28 72 782
14 38 650
78 99 873
11 99 951
33 86 921
88 92 618
76 82 941
43 83 640
68 36 642
47 98 965
30 57 673
4 89 815
28 24 664
63 37 570
25 94 677
95 89 995
15 72 854
16 32 895
96 62 934
64 34 836
54 61 615
1 27 583
17 94 533
64 49 801
74 17 708
46 99 683
30 33 776
7 41 665
38 49 627
4 55 548
12 85 845
15 98 888
46 34 720
26 18 687
39 89 971
40 72 572
32 8 829
37 71 581
27 74 932
82 66 655
33 4 593
67 1 799
77 9 722
81 54 658
18 72 785
51 3 602
89 8 636
32 15 882
11 49 756
89 7 560
67 27 913
96 24 677
68 97 862
34 69 976
47 61 771
85 31 952
35 55 901
93 36 863
46 55 779
18 95 661
38 58 866
80 92 747
78 61 711
45 30 647
34 16 667
44 66 719
54 3 610
38 86 685
51 83 881
3 31 989
22 33 524
45 94 940
33 53 989
4 81 853
36 91 712
12 91 976
50 73 986
68 20 903
