# nodes
0 GENERATOR 0 100000
1 SUBSTATION 0 0
2 SUBSTATION 0 0
3 SUBSTATION 0 0
4 SUBSTATION 0 0
5 SUBSTATION 0 0
6 SUBSTATION 0 0
7 SUBSTATION 0 0
8 SUBSTATION 0 0
9 SUBSTATION 0 0
10 SUBSTATION 0 0
11 SUBSTATION 0 0
12 SUBSTATION 0 0
13 SUBSTATION 0 0
14 SUBSTATION 0 0
15 SUBSTATION 0 0
16 SUBSTATION 0 0
17 SUBSTATION 0 0
18 SUBSTATION 0 0
19 SUBSTATION 0 0
20 SUBSTATION 0 0
21 SUBSTATION 0 0
22 SUBSTATION 0 0
23 SUBSTATION 0 0
24 SUBSTATION 0 0
25 SUBSTATION 0 0
26 SUBSTATION 0 0
27 SUBSTATION 0 0
28 SUBSTATION 0 0
29 SUBSTATION 0 0
30 SUBSTATION 0 0
31 SUBSTATION 0 0
32 SUBSTATION 0 0
33 SUBSTATION 0 0
34 SUBSTATION 0 0
35 SUBSTATION 0 0
36 SUBSTATION 0 0
37 SUBSTATION 0 0
38 SUBSTATION 0 0
39 SUBSTATION 0 0
40 SUBSTATION 0 0
41 SUBSTATION 0 0
42 SUBSTATION 0 0
43 SUBSTATION 0 0
44 SUBSTATION 0 0
45 SUBSTATION 0 0
46 SUBSTATION 0 0
47 SUBSTATION 0 0
48 SUBSTATION 0 0
49 SUBSTATION 0 0
50 SUBSTATION 0 0
51 SUBSTATION 0 0
52 SUBSTATION 0 0
53 SUBSTATION 0 0
54 SUBSTATION 0 0
55 SUBSTATION 0 0
56 SUBSTATION 0 0
57 SUBSTATION 0 0
58 SUBSTATION 0 0
59 SUBSTATION 0 0
60 SUBSTATION 0 0
61 SUBSTATION 0 0
62 SUBSTATION 0 0
63 SUBSTATION 0 0
64 SUBSTATION 0 0
65 SUBSTATION 0 0
66 SUBSTATION 0 0
67 SUBSTATION 0 0
68 SUBSTATION 0 0
69 SUBSTATION 0 0
70 SUBSTATION 0 0
71 SUBSTATION 0 0
72 SUBSTATION 0 0
73 SUBSTATION 0 0
74 SUBSTATION 0 0
75 SUBSTATION 0 0
76 SUBSTATION 0 0
77 SUBSTATION 0 0
78 SUBSTATION 0 0
79 SUBSTATION 0 0
80 SUBSTATION 0 0
81 SUBSTATION 0 0
82 SUBSTATION 0 0
83 SUBSTATION 0 0
84 SUBSTATION 0 0
85 SUBSTATION 0 0
86 SUBSTATION 0 0
87 SUBSTATION 0 0
88 SUBSTATION 0 0
89 SUBSTATION 0 0
90 SUBSTATION 0 0
91 SUBSTATION 0 0
92 SUBSTATION 0 0
93 SUBSTATION 0 0
94 SUBSTATION 0 0
95 SUBSTATION 0 0
96 SUBSTATION 0 0
97 SUBSTATION 0 0
98 SUBSTATION 0 0
99 SUBSTATION 0 0
100 SUBSTATION 0 0
101 SUBSTATION 0 0
102 SUBSTATION 0 0
103 SUBSTATION 0 0
104 SUBSTATION 0 0
105 SUBSTATION 0 0
106 SUBSTATION 0 0
107 SUBSTATION 0 0
108 SUBSTATION 0 0
109 SUBSTATION 0 0
110 SUBSTATION 0 0
111 SUBSTATION 0 0
112 SUBSTATION 0 0
113 SUBSTATION 0 0
114 SUBSTATION 0 0
115 SUBSTATION 0 0
116 SUBSTATION 0 0
117 SUBSTATION 0 0
118 SUBSTATION 0 0
119 SUBSTATION 0 0
120 SUBSTATION 0 0
121 SUBSTATION 0 0
122 SUBSTATION 0 0
123 SUBSTATION 0 0
124 SUBSTATION 0 0
125 SUBSTATION 0 0
126 SUBSTATION 0 0
127 SUBSTATION 0 0
128 SUBSTATION 0 0
129 SUBSTATION 0 0
130 SUBSTATION 0 0
131 SUBSTATION 0 0
132 SUBSTATION 0 0
133 SUBSTATION 0 0
134 SUBSTATION 0 0
135 SUBSTATION 0 0
136 SUBSTATION 0 0
137 SUBSTATION 0 0
138 SUBSTATION 0 0
139 SUBSTATION 0 0
140 SUBSTATION 0 0
141 SUBSTATION 0 0
142 SUBSTATION 0 0
143 SUBSTATION 0 0
144 SUBSTATION 0 0
145 SUBSTATION 0 0
146 SUBSTATION 0 0
147 SUBSTATION 0 0
148 SUBSTATION 0 0
149 SUBSTATION 0 0
150 SUBSTATION 0 0
151 SUBSTATION 0 0
152 SUBSTATION 0 0
153 SUBSTATION 0 0
154 SUBSTATION 0 0
155 SUBSTATION 0 0
156 SUBSTATION 0 0
157 SUBSTATION 0 0
158 SUBSTATION 0 0
159 SUBSTATION 0 0
160 SUBSTATION 0 0
161 SUBSTATION 0 0
162 SUBSTATION 0 0
163 SUBSTATION 0 0
164 SUBSTATION 0 0
165 SUBSTATION 0 0
166 SUBSTATION 0 0
167 SUBSTATION 0 0
168 SUBSTATION 0 0
169 SUBSTATION 0 0
170 SUBSTATION 0 0
171 SUBSTATION 0 0
172 SUBSTATION 0 0
173 SUBSTATION 0 0
174 SUBSTATION 0 0
175 SUBSTATION 0 0
176 SUBSTATION 0 0
177 SUBSTATION 0 0
178 SUBSTATION 0 0
179 SUBSTATION 0 0
180 SUBSTATION 0 0
181 SUBSTATION 0 0
182 SUBSTATION 0 0
183 SUBSTATION 0 0
184 SUBSTATION 0 0
185 SUBSTATION 0 0
186 SUBSTATION 0 0
187 SUBSTATION 0 0
188 SUBSTATION 0 0
189 SUBSTATION 0 0
190 SUBSTATION 0 0
191 SUBSTATION 0 0
192 SUBSTATION 0 0
193 SUBSTATION 0 0
194 SUBSTATION 0 0
195 SUBSTATION 0 0
196 SUBSTATION 0 0
197 SUBSTATION 0 0
198 SUBSTATION 0 0
199 SUBSTATION 0 0
200 SUBSTATION 0 0
201 SUBSTATION 0 0
202 SUBSTATION 0 0
203 SUBSTATION 0 0
204 SUBSTATION 0 0
205 SUBSTATION 0 0
206 SUBSTATION 0 0
207 SUBSTATION 0 0
208 SUBSTATION 0 0
209 SUBSTATION 0 0
210 SUBSTATION 0 0
211 SUBSTATION 0 0
212 SUBSTATION 0 0
213 SUBSTATION 0 0
214 SUBSTATION 0 0
215 SUBSTATION 0 0
216 SUBSTATION 0 0
217 SUBSTATION 0 0
218 SUBSTATION 0 0
219 SUBSTATION 0 0
220 SUBSTATION 0 0
221 SUBSTATION 0 0
222 SUBSTATION 0 0
223 SUBSTATION 0 0
224 SUBSTATION 0 0
225 SUBSTATION 0 0
226 SUBSTATION 0 0
227 SUBSTATION 0 0
228 SUBSTATION 0 0
229 SUBSTATION 0 0
230 SUBSTATION 0 0
231 SUBSTATION 0 0
232 SUBSTATION 0 0
233 SUBSTATION 0 0
234 SUBSTATION 0 0
235 SUBSTATION 0 0
236 SUBSTATION 0 0
237 SUBSTATION 0 0
238 SUBSTATION 0 0
239 SUBSTATION 0 0
240 SUBSTATION 0 0
241 SUBSTATION 0 0
242 SUBSTATION 0 0
243 SUBSTATION 0 0
244 SUBSTATION 0 0
245 SUBSTATION 0 0
246 SUBSTATION 0 0
247 SUBSTATION 0 0
248 SUBSTATION 0 0
249 SUBSTATION 0 0
250 SUBSTATION 0 0
251 SUBSTATION 0 0
252 SUBSTATION 0 0
253 SUBSTATION 0 0
254 SUBSTATION 0 0
255 SUBSTATION 0 0
256 SUBSTATION 0 0
257 SUBSTATION 0 0
258 SUBSTATION 0 0
259 SUBSTATION 0 0
260 SUBSTATION 0 0
261 SUBSTATION 0 0
262 SUBSTATION 0 0
263 SUBSTATION 0 0
264 SUBSTATION 0 0
265 SUBSTATION 0 0
266 SUBSTATION 0 0
267 SUBSTATION 0 0
268 SUBSTATION 0 0
269 SUBSTATION 0 0
270 SUBSTATION 0 0
271 SUBSTATION 0 0
272 SUBSTATION 0 0
273 SUBSTATION 0 0
274 SUBSTATION 0 0
275 SUBSTATION 0 0
276 SUBSTATION 0 0
277 SUBSTATION 0 0
278 SUBSTATION 0 0
279 SUBSTATION 0 0
280 SUBSTATION 0 0
281 SUBSTATION 0 0
282 SUBSTATION 0 0
283 SUBSTATION 0 0
284 SUBSTATION 0 0
285 SUBSTATION 0 0
286 SUBSTATION 0 0
287 SUBSTATION 0 0
288 SUBSTATION 0 0
289 SUBSTATION 0 0
290 SUBSTATION 0 0
291 SUBSTATION 0 0
292 SUBSTATION 0 0
293 SUBSTATION 0 0
294 SUBSTATION 0 0
295 SUBSTATION 0 0
296 SUBSTATION 0 0
297 SUBSTATION 0 0
298 SUBSTATION 0 0
299 SUBSTATION 0 0
300 SUBSTATION 0 0
301 SUBSTATION 0 0
302 SUBSTATION 0 0
303 SUBSTATION 0 0
304 SUBSTATION 0 0
305 SUBSTATION 0 0
306 SUBSTATION 0 0
307 SUBSTATION 0 0
308 SUBSTATION 0 0
309 SUBSTATION 0 0
310 SUBSTATION 0 0
311 SUBSTATION 0 0
312 SUBSTATION 0 0
313 SUBSTATION 0 0
314 SUBSTATION 0 0
315 SUBSTATION 0 0
316 SUBSTATION 0 0
317 SUBSTATION 0 0
318 SUBSTATION 0 0
319 SUBSTATION 0 0
320 SUBSTATION 0 0
321 SUBSTATION 0 0
322 SUBSTATION 0 0
323 SUBSTATION 0 0
324 SUBSTATION 0 0
325 SUBSTATION 0 0
326 SUBSTATION 0 0
327 SUBSTATION 0 0
328 SUBSTATION 0 0
329 SUBSTATION 0 0
330 SUBSTATION 0 0
331 SUBSTATION 0 0
332 SUBSTATION 0 0
333 SUBSTATION 0 0
334 SUBSTATION 0 0
335 SUBSTATION 0 0
336 SUBSTATION 0 0
337 SUBSTATION 0 0
338 SUBSTATION 0 0
339 SUBSTATION 0 0
340 SUBSTATION 0 0
341 SUBSTATION 0 0
342 SUBSTATION 0 0
343 SUBSTATION 0 0
344 SUBSTATION 0 0
345 SUBSTATION 0 0
346 SUBSTATION 0 0
347 SUBSTATION 0 0
348 SUBSTATION 0 0
349 SUBSTATION 0 0
350 SUBSTATION 0 0
351 SUBSTATION 0 0
352 SUBSTATION 0 0
353 SUBSTATION 0 0
354 SUBSTATION 0 0
355 SUBSTATION 0 0
356 SUBSTATION 0 0
357 SUBSTATION 0 0
358 SUBSTATION 0 0
359 SUBSTATION 0 0
360 SUBSTATION 0 0
361 SUBSTATION 0 0
362 SUBSTATION 0 0
363 SUBSTATION 0 0
364 SUBSTATION 0 0
365 SUBSTATION 0 0
366 SUBSTATION 0 0
367 SUBSTATION 0 0
368 SUBSTATION 0 0
369 SUBSTATION 0 0
370 SUBSTATION 0 0
371 SUBSTATION 0 0
372 SUBSTATION 0 0
373 SUBSTATION 0 0
374 SUBSTATION 0 0
375 SUBSTATION 0 0
376 SUBSTATION 0 0
377 SUBSTATION 0 0
378 SUBSTATION 0 0
379 SUBSTATION 0 0
380 SUBSTATION 0 0
381 SUBSTATION 0 0
382 SUBSTATION 0 0
383 SUBSTATION 0 0
384 SUBSTATION 0 0
385 SUBSTATION 0 0
386 SUBSTATION 0 0
387 SUBSTATION 0 0
388 SUBSTATION 0 0
389 SUBSTATION 0 0
390 SUBSTATION 0 0
391 SUBSTATION 0 0
392 SUBSTATION 0 0
393 SUBSTATION 0 0
394 SUBSTATION 0 0
395 SUBSTATION 0 0
396 SUBSTATION 0 0
397 SUBSTATION 0 0
398 SUBSTATION 0 0
399 SUBSTATION 0 0
400 SUBSTATION 0 0
401 SUBSTATION 0 0
402 SUBSTATION 0 0
403 SUBSTATION 0 0
404 SUBSTATION 0 0
405 SUBSTATION 0 0
406 SUBSTATION 0 0
407 SUBSTATION 0 0
408 SUBSTATION 0 0
409 SUBSTATION 0 0
410 SUBSTATION 0 0
411 SUBSTATION 0 0
412 SUBSTATION 0 0
413 SUBSTATION 0 0
414 SUBSTATION 0 0
415 SUBSTATION 0 0
416 SUBSTATION 0 0
417 SUBSTATION 0 0
418 SUBSTATION 0 0
419 SUBSTATION 0 0
420 SUBSTATION 0 0
421 SUBSTATION 0 0
422 SUBSTATION 0 0
423 SUBSTATION 0 0
424 SUBSTATION 0 0
425 SUBSTATION 0 0
426 SUBSTATION 0 0
427 SUBSTATION 0 0
428 SUBSTATION 0 0
429 SUBSTATION 0 0
430 SUBSTATION 0 0
431 SUBSTATION 0 0
432 SUBSTATION 0 0
433 SUBSTATION 0 0
434 SUBSTATION 0 0
435 SUBSTATION 0 0
436 SUBSTATION 0 0
437 SUBSTATION 0 0
438 SUBSTATION 0 0
439 SUBSTATION 0 0
440 SUBSTATION 0 0
441 SUBSTATION 0 0
442 SUBSTATION 0 0
443 SUBSTATION 0 0
444 SUBSTATION 0 0
445 SUBSTATION 0 0
446 SUBSTATION 0 0
447 SUBSTATION 0 0
448 SUBSTATION 0 0
449 SUBSTATION 0 0
450 SUBSTATION 0 0
451 SUBSTATION 0 0
452 SUBSTATION 0 0
453 SUBSTATION 0 0
454 SUBSTATION 0 0
455 SUBSTATION 0 0
456 SUBSTATION 0 0
457 SUBSTATION 0 0
458 SUBSTATION 0 0
459 SUBSTATION 0 0
460 SUBSTATION 0 0
461 SUBSTATION 0 0
462 SUBSTATION 0 0
463 SUBSTATION 0 0
464 SUBSTATION 0 0
465 SUBSTATION 0 0
466 SUBSTATION 0 0
467 SUBSTATION 0 0
468 SUBSTATION 0 0
469 SUBSTATION 0 0
470 SUBSTATION 0 0
471 SUBSTATION 0 0
472 SUBSTATION 0 0
473 SUBSTATION 0 0
474 SUBSTATION 0 0
475 SUBSTATION 0 0
476 SUBSTATION 0 0
477 SUBSTATION 0 0
478 SUBSTATION 0 0
479 SUBSTATION 0 0
480 SUBSTATION 0 0
481 SUBSTATION 0 0
482 SUBSTATION 0 0
483 SUBSTATION 0 0
484 SUBSTATION 0 0
485 SUBSTATION 0 0
486 SUBSTATION 0 0
487 SUBSTATION 0 0
488 SUBSTATION 0 0
489 SUBSTATION 0 0
490 SUBSTATION 0 0
491 SUBSTATION 0 0
492 SUBSTATION 0 0
493 SUBSTATION 0 0
494 SUBSTATION 0 0
495 SUBSTATION 0 0
496 SUBSTATION 0 0
497 SUBSTATION 0 0
498 SUBSTATION 0 0
499 SUBSTATION 0 0
500 SUBSTATION 0 0
501 SUBSTATION 0 0
502 SUBSTATION 0 0
503 SUBSTATION 0 0
504 SUBSTATION 0 0
505 SUBSTATION 0 0
506 SUBSTATION 0 0
507 SUBSTATION 0 0
508 SUBSTATION 0 0
509 SUBSTATION 0 0
510 SUBSTATION 0 0
511 SUBSTATION 0 0
512 SUBSTATION 0 0
513 SUBSTATION 0 0
514 SUBSTATION 0 0
515 SUBSTATION 0 0
516 SUBSTATION 0 0
517 SUBSTATION 0 0
518 SUBSTATION 0 0
519 SUBSTATION 0 0
520 SUBSTATION 0 0
521 SUBSTATION 0 0
522 SUBSTATION 0 0
523 SUBSTATION 0 0
524 SUBSTATION 0 0
525 SUBSTATION 0 0
526 SUBSTATION 0 0
527 SUBSTATION 0 0
528 SUBSTATION 0 0
529 SUBSTATION 0 0
530 SUBSTATION 0 0
531 SUBSTATION 0 0
532 SUBSTATION 0 0
533 SUBSTATION 0 0
534 SUBSTATION 0 0
535 SUBSTATION 0 0
536 SUBSTATION 0 0
537 SUBSTATION 0 0
538 SUBSTATION 0 0
539 SUBSTATION 0 0
540 SUBSTATION 0 0
541 SUBSTATION 0 0
542 SUBSTATION 0 0
543 SUBSTATION 0 0
544 SUBSTATION 0 0
545 SUBSTATION 0 0
546 SUBSTATION 0 0
547 SUBSTATION 0 0
548 SUBSTATION 0 0
549 SUBSTATION 0 0
550 SUBSTATION 0 0
551 SUBSTATION 0 0
552 SUBSTATION 0 0
553 SUBSTATION 0 0
554 SUBSTATION 0 0
555 SUBSTATION 0 0
556 SUBSTATION 0 0
557 SUBSTATION 0 0
558 SUBSTATION 0 0
559 SUBSTATION 0 0
560 SUBSTATION 0 0
561 SUBSTATION 0 0
562 SUBSTATION 0 0
563 SUBSTATION 0 0
564 SUBSTATION 0 0
565 SUBSTATION 0 0
566 SUBSTATION 0 0
567 SUBSTATION 0 0
568 SUBSTATION 0 0
569 SUBSTATION 0 0
570 SUBSTATION 0 0
571 SUBSTATION 0 0
572 SUBSTATION 0 0
573 SUBSTATION 0 0
574 SUBSTATION 0 0
575 SUBSTATION 0 0
576 SUBSTATION 0 0
577 SUBSTATION 0 0
578 SUBSTATION 0 0
579 SUBSTATION 0 0
580 SUBSTATION 0 0
581 SUBSTATION 0 0
582 SUBSTATION 0 0
583 SUBSTATION 0 0
584 SUBSTATION 0 0
585 SUBSTATION 0 0
586 SUBSTATION 0 0
587 SUBSTATION 0 0
588 SUBSTATION 0 0
589 SUBSTATION 0 0
590 SUBSTATION 0 0
591 SUBSTATION 0 0
592 SUBSTATION 0 0
593 SUBSTATION 0 0
594 SUBSTATION 0 0
595 SUBSTATION 0 0
596 SUBSTATION 0 0
597 SUBSTATION 0 0
598 SUBSTATION 0 0
599 SUBSTATION 0 0
600 SUBSTATION 0 0
601 SUBSTATION 0 0
602 SUBSTATION 0 0
603 SUBSTATION 0 0
604 SUBSTATION 0 0
605 SUBSTATION 0 0
606 SUBSTATION 0 0
607 SUBSTATION 0 0
608 SUBSTATION 0 0
609 SUBSTATION 0 0
610 SUBSTATION 0 0
611 SUBSTATION 0 0
612 SUBSTATION 0 0
613 SUBSTATION 0 0
614 SUBSTATION 0 0
615 SUBSTATION 0 0
616 SUBSTATION 0 0
617 SUBSTATION 0 0
618 SUBSTATION 0 0
619 SUBSTATION 0 0
620 SUBSTATION 0 0
621 SUBSTATION 0 0
622 SUBSTATION 0 0
623 SUBSTATION 0 0
624 SUBSTATION 0 0
625 SUBSTATION 0 0
626 SUBSTATION 0 0
627 SUBSTATION 0 0
628 SUBSTATION 0 0
629 SUBSTATION 0 0
630 SUBSTATION 0 0
631 SUBSTATION 0 0
632 SUBSTATION 0 0
633 SUBSTATION 0 0
634 SUBSTATION 0 0
635 SUBSTATION 0 0
636 SUBSTATION 0 0
637 SUBSTATION 0 0
638 SUBSTATION 0 0
639 SUBSTATION 0 0
640 SUBSTATION 0 0
641 SUBSTATION 0 0
642 SUBSTATION 0 0
643 SUBSTATION 0 0
644 SUBSTATION 0 0
645 SUBSTATION 0 0
646 SUBSTATION 0 0
647 SUBSTATION 0 0
648 SUBSTATION 0 0
649 SUBSTATION 0 0
650 SUBSTATION 0 0
651 SUBSTATION 0 0
652 SUBSTATION 0 0
653 SUBSTATION 0 0
654 SUBSTATION 0 0
655 SUBSTATION 0 0
656 SUBSTATION 0 0
657 SUBSTATION 0 0
658 SUBSTATION 0 0
659 SUBSTATION 0 0
660 SUBSTATION 0 0
661 SUBSTATION 0 0
662 SUBSTATION 0 0
663 SUBSTATION 0 0
664 SUBSTATION 0 0
665 SUBSTATION 0 0
666 SUBSTATION 0 0
667 SUBSTATION 0 0
668 SUBSTATION 0 0
669 SUBSTATION 0 0
670 SUBSTATION 0 0
671 SUBSTATION 0 0
672 SUBSTATION 0 0
673 SUBSTATION 0 0
674 SUBSTATION 0 0
675 SUBSTATION 0 0
676 SUBSTATION 0 0
677 SUBSTATION 0 0
678 SUBSTATION 0 0
679 SUBSTATION 0 0
680 SUBSTATION 0 0
681 SUBSTATION 0 0
682 SUBSTATION 0 0
683 SUBSTATION 0 0
684 SUBSTATION 0 0
685 SUBSTATION 0 0
686 SUBSTATION 0 0
687 SUBSTATION 0 0
688 SUBSTATION 0 0
689 SUBSTATION 0 0
690 SUBSTATION 0 0
691 SUBSTATION 0 0
692 SUBSTATION 0 0
693 SUBSTATION 0 0
694 SUBSTATION 0 0
695 SUBSTATION 0 0
696 SUBSTATION 0 0
697 SUBSTATION 0 0
698 SUBSTATION 0 0
699 SUBSTATION 0 0
700 SUBSTATION 0 0
701 SUBSTATION 0 0
702 SUBSTATION 0 0
703 SUBSTATION 0 0
704 SUBSTATION 0 0
705 SUBSTATION 0 0
706 SUBSTATION 0 0
707 SUBSTATION 0 0
708 SUBSTATION 0 0
709 SUBSTATION 0 0
710 SUBSTATION 0 0
711 SUBSTATION 0 0
712 SUBSTATION 0 0
713 SUBSTATION 0 0
714 SUBSTATION 0 0
715 SUBSTATION 0 0
716 SUBSTATION 0 0
717 SUBSTATION 0 0
718 SUBSTATION 0 0
719 SUBSTATION 0 0
720 SUBSTATION 0 0
721 SUBSTATION 0 0
722 SUBSTATION 0 0
723 SUBSTATION 0 0
724 SUBSTATION 0 0
725 SUBSTATION 0 0
726 SUBSTATION 0 0
727 SUBSTATION 0 0
728 SUBSTATION 0 0
729 SUBSTATION 0 0
730 SUBSTATION 0 0
731 SUBSTATION 0 0
732 SUBSTATION 0 0
733 SUBSTATION 0 0
734 SUBSTATION 0 0
735 SUBSTATION 0 0
736 SUBSTATION 0 0
737 SUBSTATION 0 0
738 SUBSTATION 0 0
739 SUBSTATION 0 0
740 SUBSTATION 0 0
741 SUBSTATION 0 0
742 SUBSTATION 0 0
743 SUBSTATION 0 0
744 SUBSTATION 0 0
745 SUBSTATION 0 0
746 SUBSTATION 0 0
747 SUBSTATION 0 0
748 SUBSTATION 0 0
749 SUBSTATION 0 0
750 SUBSTATION 0 0
751 SUBSTATION 0 0
752 SUBSTATION 0 0
753 SUBSTATION 0 0
754 SUBSTATION 0 0
755 SUBSTATION 0 0
756 SUBSTATION 0 0
757 SUBSTATION 0 0
758 SUBSTATION 0 0
759 SUBSTATION 0 0
760 SUBSTATION 0 0
761 SUBSTATION 0 0
762 SUBSTATION 0 0
763 SUBSTATION 0 0
764 SUBSTATION 0 0
765 SUBSTATION 0 0
766 SUBSTATION 0 0
767 SUBSTATION 0 0
768 SUBSTATION 0 0
769 SUBSTATION 0 0
770 SUBSTATION 0 0
771 SUBSTATION 0 0
772 SUBSTATION 0 0
773 SUBSTATION 0 0
774 SUBSTATION 0 0
775 SUBSTATION 0 0
776 SUBSTATION 0 0
777 SUBSTATION 0 0
778 SUBSTATION 0 0
779 SUBSTATION 0 0
780 SUBSTATION 0 0
781 SUBSTATION 0 0
782 SUBSTATION 0 0
783 SUBSTATION 0 0
784 SUBSTATION 0 0
785 SUBSTATION 0 0
786 SUBSTATION 0 0
787 SUBSTATION 0 0
788 SUBSTATION 0 0
789 SUBSTATION 0 0
790 SUBSTATION 0 0
791 SUBSTATION 0 0
792 SUBSTATION 0 0
793 SUBSTATION 0 0
794 SUBSTATION 0 0
795 SUBSTATION 0 0
796 SUBSTATION 0 0
797 SUBSTATION 0 0
798 SUBSTATION 0 0
799 SUBSTATION 0 0
800 CITY 151 0
801 CITY 94 0
802 CITY 139 0
803 CITY 109 0
804 CITY 79 0
805 CITY 118 0
806 CITY 55 0
807 CITY 165 0
808 CITY 151 0
809 CITY 71 0
810 CITY 122 0
811 CITY 153 0
812 CITY 153 0
813 CITY 155 0
814 CITY 70 0
815 CITY 162 0
816 CITY 198 0
817 CITY 147 0
818 CITY 98 0
819 CITY 128 0
820 CITY 58 0
821 CITY 97 0
822 CITY 195 0
823 CITY 51 0
824 CITY 140 0
825 CITY 199 0
826 CITY 145 0
827 CITY 79 0
828 CITY 99 0
829 CITY 100 0
830 CITY 133 0
831 CITY 67 0
832 CITY 187 0
833 CITY 79 0
834 CITY 74 0
835 CITY 161 0
836 CITY 60 0
837 CITY 197 0
838 CITY 173 0
839 CITY 71 0
840 CITY 189 0
841 CITY 65 0
842 CITY 144 0
843 CITY 93 0
844 CITY 87 0
845 CITY 112 0
846 CITY 67 0
847 CITY 122 0
848 CITY 55 0
849 CITY 66 0
850 CITY 200 0
851 CITY 163 0
852 CITY 105 0
853 CITY 155 0
854 CITY 53 0
855 CITY 65 0
856 CITY 91 0
857 CITY 72 0
858 CITY 180 0
859 CITY 73 0
860 CITY 162 0
861 CITY 107 0
862 CITY 97 0
863 CITY 200 0
864 CITY 73 0
865 CITY 197 0
866 CITY 89 0
867 CITY 57 0
868 CITY 179 0
869 CITY 97 0
870 CITY 69 0
871 CITY 151 0
872 CITY 125 0
873 CITY 72 0
874 CITY 145 0
875 CITY 149 0
876 CITY 112 0
877 CITY 200 0
878 CITY 170 0
879 CITY 92 0
880 CITY 160 0
881 CITY 198 0
882 CITY 151 0
883 CITY 162 0
884 CITY 64 0
885 CITY 196 0
886 CITY 53 0
887 CITY 72 0
888 CITY 105 0
889 CITY 123 0
890 CITY 167 0
891 CITY 175 0
892 CITY 194 0
893 CITY 158 0
894 CITY 175 0
895 CITY 177 0
896 CITY 90 0
897 CITY 170 0
898 CITY 186 0
899 CITY 99 0
900 CITY 54 0
901 CITY 157 0
902 CITY 125 0
903 CITY 134 0
904 CITY 109 0
905 CITY 54 0
906 CITY 102 0
907 CITY 183 0
908 CITY 54 0
909 CITY 60 0
910 CITY 183 0
911 CITY 97 0
912 CITY 199 0
913 CITY 102 0
914 CITY 75 0
915 CITY 92 0
916 CITY 81 0
917 CITY 148 0
918 CITY 131 0
919 CITY 128 0
920 CITY 184 0
921 CITY 162 0
922 CITY 75 0
923 CITY 162 0
924 CITY 61 0
925 CITY 139 0
926 CITY 58 0
927 CITY 104 0
928 CITY 165 0
929 CITY 159 0
930 CITY 183 0
931 CITY 174 0
932 CITY 135 0
933 CITY 118 0
934 CITY 103 0
935 CITY 122 0
936 CITY 104 0
937 CITY 193 0
938 CITY 152 0
939 CITY 166 0
940 CITY 138 0
941 CITY 85 0
942 CITY 141 0
943 CITY 143 0
944 CITY 105 0
945 CITY 183 0
946 CITY 187 0
947 CITY 153 0
948 CITY 172 0
949 CITY 51 0
950 CITY 147 0
951 CITY 164 0
952 CITY 88 0
953 CITY 83 0
954 CITY 108 0
955 CITY 169 0
956 CITY 151 0
957 CITY 183 0
958 CITY 190 0
959 CITY 72 0
960 CITY 109 0
961 CITY 108 0
962 CITY 81 0
963 CITY 197 0
964 CITY 101 0
965 CITY 118 0
966 CITY 70 0
967 CITY 108 0
968 CITY 172 0
969 CITY 139 0
970 CITY 59 0
971 CITY 123 0
972 CITY 115 0
973 CITY 78 0
974 CITY 80 0
975 CITY 135 0
976 CITY 183 0
977 CITY 162 0
978 CITY 164 0
979 CITY 95 0
980 CITY 117 0
981 CITY 128 0
982 CITY 60 0
983 CITY 111 0
984 CITY 137 0
985 CITY 175 0
986 CITY 100 0
987 CITY 101 0
988 CITY 146 0
989 CITY 91 0
990 CITY 94 0
991 CITY 183 0
992 CITY 148 0
993 CITY 115 0
994 CITY 127 0
995 CITY 90 0
996 CITY 130 0
997 CITY 129 0
998 CITY 74 0
999 CITY 193 0

# edges
0 1 655
0 2 885
2 3 831
0 4 882
2 5 603
0 6 596
6 7 666
3 8 938
7 9 757
0 10 650
8 11 674
9 12 821
0 13 669
11 14 996
3 15 929
15 16 795
11 17 669
7 18 946
14 19 932
17 20 554
6 21 687
4 22 792
9 23 891
1 24 641
5 25 768
18 26 964
20 27 547
18 28 861
6 29 829
29 30 599
30 31 895
31 32 885
3 33 974
15 34 530
16 35 974
33 36 603
2 37 702
9 38 905
19 39 999
11 40 940
18 41 729
30 42 521
3 43 891
34 44 905
7 45 544
19 46 527
29 47 759
28 48 630
22 49 812
20 50 790
18 51 607
10 52 523
20 53 569
31 54 822
25 55 724
37 56 891
26 57 935
12 58 761
0 59 954
27 60 846
20 61 548
60 62 538
4 63 686
48 64 547
37 65 715
50 66 973
63 67 707
29 68 824
7 69 836
65 70 761
5 71 860
32 72 973
67 73 989
12 74 678
58 75 882
14 76 901
4 77 993
55 78 813
51 79 641
34 80 754
79 81 575
33 82 740
6 83 971
62 84 788
43 85 962
51 86 924
31 87 944
10 88 595
22 89 704
25 90 738
60 91 691
9 92 609
23 93 712
32 94 537
76 95 795
75 96 743
78 97 1000
16 98 696
73 99 559
46 100 528
16 101 509
16 102 630
66 103 632
66 104 609
38 105 650
35 106 938
38 107 625
17 108 748
106 109 783
5 110 579
56 111 854
23 112 598
4 113 970
99 114 554
81 115 835
107 116 803
3 117 987
9 118 626
78 119 605
0 120 640
78 121 585
116 122 713
75 123 533
100 124 514
10 125 655
48 126 941
55 127 877
120 128 522
94 129 624
44 130 602
39 131 815
91 132 598
16 133 574
30 134 786
103 135 746
7 136 861
49 137 591
42 138 939
36 139 894
27 140 704
131 141 703
46 142 993
56 143 595
73 144 834
135 145 701
33 146 717
128 147 641
70 148 987
68 149 572
79 150 979
1 151 758
25 152 615
66 153 555
101 154 721
150 155 946
88 156 504
36 157 808
95 158 620
71 159 996
157 160 515
0 161 596
136 162 686
40 163 573
4 164 654
116 165 595
140 166 706
76 167 507
94 168 557
86 169 864
163 170 913
27 171 719
22 172 830
35 173 568
28 174 655
44 175 967
147 176 969
15 177 849
89 178 602
49 179 764
132 180 834
82 181 993
176 182 629
90 183 610
104 184 899
143 185 507
21 186 777
16 187 574
139 188 650
156 189 540
94 190 567
94 191 949
185 192 697
98 193 863
59 194 878
46 195 716
148 196 781
61 197 984
113 198 792
59 199 927
22 200 505
179 201 642
143 202 716
97 203 512
18 204 979
36 205 787
79 206 582
17 207 856
36 208 657
204 209 721
147 210 618
119 211 555
122 212 917
104 213 735
180 214 644
111 215 579
180 216 769
145 217 582
205 218 899
127 219 763
116 220 852
194 221 903
56 222 887
188 223 929
61 224 973
161 225 841
26 226 760
183 227 954
41 228 530
228 229 832
184 230 720
51 231 907
180 232 954
15 233 587
112 234 681
166 235 508
46 236 672
141 237 679
158 238 824
21 239 802
209 240 782
171 241 628
1 242 665
113 243 667
140 244 958
203 245 983
92 246 681
196 247 948
59 248 814
217 249 798
19 250 565
15 251 884
195 252 615
2 253 554
218 254 845
141 255 723
178 256 790
32 257 730
175 258 514
91 259 829
65 260 987
32 261 644
219 262 558
235 263 759
244 264 791
180 265 589
182 266 523
145 267 733
168 268 976
225 269 716
111 270 970
206 271 915
159 272 612
109 273 779
226 274 933
27 275 885
89 276 547
22 277 643
0 278 821
85 279 729
246 280 528
57 281 884
181 282 975
8 283 543
253 284 766
262 285 693
237 286 910
33 287 937
246 288 808
205 289 761
13 290 752
253 291 888
19 292 569
32 293 741
99 294 820
209 295 840
283 296 689
158 297 581
207 298 929
217 299 844
58 300 616
197 301 671
111 302 911
260 303 637
70 304 724
118 305 916
245 306 842
33 307 524
162 308 717
68 309 590
164 310 767
143 311 861
166 312 552
153 313 750
97 314 907
250 315 864
185 316 842
142 317 539
179 318 583
16 319 727
227 320 760
245 321 734
246 322 738
300 323 942
195 324 637
65 325 580
32 326 663
114 327 765
30 328 920
67 329 617
208 330 552
230 331 621
39 332 665
204 333 903
162 334 835
268 335 929
269 336 774
270 337 501
187 338 799
237 339 966
148 340 673
193 341 836
321 342 744
93 343 515
205 344 887
189 345 798
295 346 599
97 347 501
343 348 958
299 349 563
145 350 520
180 351 964
347 352 842
331 353 866
55 354 762
35 355 611
78 356 588
241 357 716
158 358 512
74 359 896
203 360 906
119 361 581
98 362 784
307 363 585
45 364 958
246 365 863
315 366 514
42 367 795
69 368 698
38 369 559
230 370 763
9 371 688
0 372 994
69 373 649
191 374 900
284 375 696
266 376 637
76 377 792
185 378 682
343 379 640
112 380 566
160 381 986
181 382 581
97 383 975
300 384 707
149 385 771
341 386 629
199 387 578
51 388 991
338 389 839
91 390 835
45 391 675
207 392 719
212 393 741
325 394 557
298 395 902
139 396 850
227 397 622
132 398 567
173 399 595
275 400 647
225 401 789
14 402 575
326 403 809
133 404 654
20 405 538
215 406 919
216 407 510
156 408 938
370 409 621
308 410 919
251 411 835
299 412 506
45 413 680
252 414 816
265 415 724
58 416 559
210 417 514
143 418 704
195 419 514
348 420 960
408 421 968
141 422 808
26 423 998
27 424 571
399 425 527
204 426 555
160 427 992
408 428 771
136 429 806
152 430 793
2 431 687
429 432 850
294 433 558
389 434 689
203 435 912
178 436 610
43 437 728
427 438 781
335 439 634
273 440 832
13 441 643
343 442 641
440 443 815
313 444 711
347 445 829
251 446 762
95 447 538
98 448 709
28 449 865
434 450 799
393 451 807
240 452 651
78 453 541
379 454 653
56 455 723
144 456 968
222 457 736
450 458 699
241 459 974
317 460 596
393 461 914
236 462 533
447 463 626
270 464 880
427 465 549
33 466 980
138 467 881
79 468 914
225 469 538
310 470 737
23 471 861
261 472 938
441 473 877
143 474 734
412 475 957
245 476 909
176 477 510
213 478 712
161 479 715
66 480 771
276 481 863
399 482 721
475 483 946
336 484 884
419 485 975
370 486 749
6 487 802
55 488 848
384 489 813
442 490 626
290 491 532
24 492 845
123 493 688
454 494 884
379 495 935
244 496 704
200 497 638
370 498 965
22 499 707
212 500 886
194 501 564
85 502 719
354 503 793
211 504 879
267 505 929
347 506 540
351 507 812
99 508 514
223 509 800
257 510 855
453 511 597
197 512 747
57 513 719
17 514 743
215 515 829
66 516 875
243 517 790
28 518 905
128 519 585
503 520 921
31 521 995
166 522 694
74 523 825
170 524 597
8 525 568
380 526 932
42 527 551
6 528 513
349 529 612
111 530 500
223 531 707
314 532 910
31 533 661
197 534 869
235 535 964
287 536 656
81 537 798
86 538 786
8 539 595
478 540 862
450 541 854
238 542 578
464 543 987
397 544 715
239 545 838
398 546 871
546 547 636
464 548 675
306 549 901
451 550 798
116 551 687
327 552 687
417 553 722
293 554 506
292 555 858
400 556 551
554 557 701
253 558 959
217 559 978
506 560 950
113 561 785
528 562 685
384 563 964
397 564 814
161 565 971
136 566 528
209 567 937
307 568 861
225 569 612
10 570 834
453 571 646
180 572 920
478 573 503
226 574 591
254 575 539
306 576 554
118 577 895
452 578 621
106 579 784
33 580 726
373 581 759
249 582 671
51 583 638
439 584 976
73 585 846
246 586 944
414 587 809
506 588 771
82 589 665
271 590 777
350 591 555
215 592 697
513 593 607
361 594 525
435 595 899
80 596 889
83 597 920
374 598 765
429 599 549
553 600 791
538 601 963
445 602 624
102 603 702
355 604 696
535 605 519
48 606 649
549 607 794
348 608 535
1 609 588
120 610 582
581 611 735
68 612 627
563 613 906
156 614 608
80 615 777
74 616 674
6 617 759
208 618 643
536 619 955
109 620 942
200 621 672
117 622 905
125 623 697
383 624 722
480 625 846
155 626 702
389 627 518
212 628 692
329 629 826
85 630 781
159 631 559
374 632 909
39 633 672
304 634 909
259 635 602
77 636 820
450 637 730
265 638 789
425 639 657
359 640 822
149 641 954
304 642 698
597 643 543
214 644 610
553 645 606
605 646 518
401 647 561
468 648 833
197 649 546
363 650 528
382 651 749
121 652 511
258 653 661
252 654 601
97 655 781
555 656 955
30 657 828
647 658 704
632 659 675
348 660 814
316 661 535
506 662 821
259 663 732
15 664 566
443 665 742
245 666 551
372 667 867
179 668 910
387 669 831
597 670 760
486 671 841
109 672 878
304 673 658
218 674 940
414 675 648
440 676 858
145 677 784
216 678 523
597 679 723
107 680 737
545 681 828
545 682 776
133 683 898
187 684 532
347 685 813
370 686 602
646 687 728
283 688 558
656 689 795
290 690 951
1 691 726
171 692 711
108 693 853
294 694 669
212 695 854
47 696 579
679 697 961
690 698 550
546 699 788
621 700 788
539 701 976
71 702 798
558 703 672
99 704 506
511 705 797
131 706 672
186 707 507
426 708 980
699 709 787
669 710 553
583 711 674
453 712 930
428 713 962
264 714 827
343 715 773
154 716 609
656 717 637
653 718 854
76 719 673
511 720 829
275 721 844
133 722 774
465 723 933
429 724 553
561 725 716
56 726 607
406 727 566
192 728 923
425 729 600
322 730 807
525 731 574
606 732 718
50 733 713
228 734 848
169 735 973
132 736 919
723 737 811
337 738 863
216 739 685
40 740 877
159 741 507
23 742 845
473 743 762
171 744 632
210 745 590
0 746 689
310 747 682
176 748 923
308 749 747
231 750 993
449 751 735
71 752 953
218 753 953
26 754 522
400 755 660
160 756 677
738 757 529
252 758 968
445 759 634
24 760 901
53 761 963
619 762 735
149 763 576
426 764 563
615 765 653
194 766 551
615 767 503
537 768 676
653 769 867
491 770 539
107 771 597
682 772 604
585 773 963
515 774 705
530 775 584
374 776 772
530 777 521
223 778 757
246 779 727
454 780 559
576 781 777
493 782 548
670 783 633
552 784 895
773 785 509
385 786 523
274 787 568
780 788 753
535 789 533
704 790 596
14 791 543
52 792 510
27 793 735
338 794 915
416 795 526
21 796 817
349 797 836
318 798 840
572 799 666
450 800 787
24 801 569
777 802 524
94 803 709
350 804 956
39 805 545
2 806 821
215 807 848
640 808 852
155 809 925
367 810 638
764 811 557
783 812 688
588 813 862
202 814 922
754 815 818
140 816 665
446 817 988
198 818 710
344 819 613
278 820 582
359 821 616
783 822 705
238 823 908
141 824 809
815 825 878
16 826 990
670 827 850
196 828 606
723 829 633
152 830 549
623 831 772
374 832 866
236 833 689
692 834 572
314 835 633
674 836 957
434 837 986
777 838 950
183 839 780
306 840 742
256 841 575
165 842 683
499 843 747
299 844 806
147 845 584
800 846 887
224 847 579
397 848 767
347 849 841
189 850 747
546 851 533
209 852 663
98 853 981
200 854 611
136 855 866
448 856 596
244 857 793
838 858 690
753 859 698
45 860 929
74 861 694
603 862 676
856 863 895
830 864 760
8 865 985
511 866 605
744 867 518
177 868 715
777 869 846
446 870 643
501 871 913
572 872 827
484 873 837
834 874 815
504 875 613
427 876 835
699 877 513
319 878 778
782 879 570
31 880 584
824 881 606
389 882 907
203 883 787
792 884 757
637 885 607
39 886 525
192 887 704
463 888 998
102 889 755
594 890 848
341 891 993
882 892 736
568 893 581
680 894 765
318 895 696
34 896 877
90 897 861
560 898 618
117 899 869
17 900 656
808 901 612
320 902 925
751 903 698
487 904 535
562 905 704
856 906 534
95 907 988
528 908 677
440 909 925
23 910 875
286 911 818
346 912 985
717 913 959
50 914 971
731 915 613
450 916 979
605 917 934
179 918 686
823 919 684
672 920 583
87 921 601
178 922 578
41 923 616
782 924 687
190 925 710
642 926 895
334 927 961
802 928 706
454 929 761
504 930 966
486 931 711
315 932 570
485 933 764
627 934 688
69 935 744
861 936 644
658 937 837
707 938 850
120 939 976
523 940 751
92 941 769
865 942 681
657 943 797
888 944 790
402 945 679
381 946 857
261 947 617
580 948 806
176 949 822
311 950 842
40 951 674
456 952 642
660 953 732
798 954 698
846 955 685
348 956 693
520 957 781
631 958 545
417 959 913
286 960 646
594 961 720
422 962 575
893 963 752
492 964 703
278 965 552
391 966 743
911 967 605
153 968 591
511 969 548
7 970 990
936 971 992
534 972 727
207 973 550
292 974 787
347 975 800
608 976 536
178 977 828
828 978 846
644 979 882
725 980 513
373 981 784
636 982 771
956 983 771
313 984 627
514 985 834
802 986 685
785 987 948
667 988 601
738 989 843
33 990 980
505 991 713
669 992 748
809 993 818
267 994 989
388 995 935
568 996 938
617 997 746
230 998 939
255 999 908
324 945 665
82 610 954
642 787 1000
274 805 955
748 726 918
946 97 512
463 663 522
253 595 737
395 961 711
250 854 534
614 772 704
198 880 762
46 953 500
350 538 638
582 991 857
349 654 699
205 470 743
449 931 566
462 857 987
394 397 563
602 183 599
892 584 569
355 659 722
156 679 626
755 180 624
652 937 876
533 66 929
269 328 683
481 443 996
584 293 805
246 700 985
939 152 667
978 992 952
885 533 711
719 865 561
567 949 978
771 535 603
616 399 553
185 256 800
220 21 534
985 837 720
695 410 964
183 349 604
685 321 789
386 364 578
932 658 821
404 827 889
206 579 566
762 529 551
41 597 652
634 571 939
388 750 976
780 719 772
96 532 915
244 995 988
439 736 525
387 79 699
592 650 610
14 68 989
363 526 563
923 874 550
576 40 634
339 778 583
773 638 712
452 695 709
804 377 540
394 30 544
370 977 506
402 741 843
220 54 569
531 315 915
869 860 623
616 199 602
435 744 586
210 248 683
861 553 565
858 593 737
665 699 956
122 453 679
347 837 813
580 61 597
655 533 890
465 781 575
801 349 840
31 368 803
127 964 917
794 46 915
316 974 952
924 611 992
950 27 711
494 480 527
259 295 650
383 489 524
321 903 831
271 549 767
211 584 760
186 880 844
349 851 821
590 801 814
687 87 775
323 191 654
191 763 665
643 159 794
236 518 949
177 236 988
315 536 645
61 382 958
307 995 951
378 735 763
862 412 988
351 105 821
6 159 622
46 352 929
326 109 935
978 87 659
140 961 687
968 471 991
284 790 547
518 433 574
627 458 852
853 0 708
888 515 520
73 462 535
875 796 992
637 189 871
305 648 570
427 16 839
118 152 783
680 441 654
764 613 552
356 800 988
285 625 967
680 5 667
363 988 991
198 8 697
352 284 801
941 378 586
896 87 784
627 955 869
574 578 532
951 813 949
529 266 709
472 886 835
218 421 650
752 136 624
531 120 890
267 165 716
94 83 850
923 320 832
604 826 527
723 409 587
14 342 729
485 389 513
496 644 894
863 168 870
894 667 719
397 395 971
459 122 883
213 831 702
351 499 856
358 684 650
606 947 733
346 871 670
769 816 513
277 593 737
800 196 542
648 394 670
579 765 945
954 969 976
214 395 796
502 754 576
731 143 987
24 94 752
284 465 934
94 438 685
312 670 916
170 995 945
144 710 681
14 182 578
294 691 976
430 883 790
876 39 532
281 621 767
673 263 937
720 183 667
674 14 970
574 992 668
266 361 718
896 538 706
292 450 857
582 173 863
241 812 733
642 417 555
887 38 587
820 641 549
990 238 695
534 567 957
67 61 630
542 50 527
300 491 564
349 284 603
755 430 875
600 67 557
799 388 631
912 870 878
513 133 919
525 807 727
756 886 729
369 288 982
757 112 952
639 913 997
805 475 536
885 422 719
112 56 864
322 371 924
790 85 888
680 245 956
888 678 850
303 523 772
375 146 556
346 188 619
730 166 620
356 758 613
880 736 695
556 92 554
571 977 501
79 528 988
563 562 974
239 553 924
688 939 743
566 901 878
942 576 601
730 766 610
921 474 718
915 547 715
191 559 852
285 712 657
767 149 761
700 724 668
891 864 653
439 757 776
839 366 874
314 264 811
461 916 951
758 131 952
669 503 535
703 607 502
909 426 856
475 6 703
316 469 957
168 789 970
13 947 600
189 70 529
282 942 838
331 48 724
946 295 870
301 838 837
995 149 652
816 744 537
427 62 544
996 194 995
766 962 860
288 384 716
964 142 819
192 386 609
12 484 799
43 344 602
110 424 616
640 832 844
235 219 849
121 494 892
0 69 907
180 785 720
826 78 524
960 850 907
797 966 727
338 486 630
456 229 772
621 570 565
234 719 893
218 947 627
295 634 954
221 856 536
740 476 509
268 418 554
258 505 538
455 724 837
759 981 870
150 24 885
881 209 890
814 207 523
333 874 839
352 874 840
454 86 634
191 543 666
182 297 714
97 12 669
697 348 567
648 365 917
885 756 588
134 416 586
350 13 580
516 685 871
35 802 611
491 283 896
689 463 996
614 681 602
92 237 669
636 643 871
251 922 711
80 852 706
924 208 508
321 401 705
470 315 962
395 407 714
116 979 982
273 852 928
76 995 660
692 73 781
398 584 762
817 523 742
728 732 540
783 996 649
831 916 664
39 382 969
468 578 753
18 947 552
136 575 706
626 151 570
461 989 691
177 813 594
111 541 639
38 960 616
642 898 856
114 772 796
561 58 951
172 254 881
854 290 729
606 176 636
258 2 778
799 797 745
657 10 650
34 310 892
646 671 785
832 689 502
44 485 851
525 304 786
943 332 770
39 0 534
622 287 848
904 510 560
898 518 827
211 234 748
944 674 741
27 938 733
929 139 821
397 563 589
362 666 519
749 5 517
724 758 733
469 375 844
642 557 866
994 79 866
144 372 536
102 330 910
600 184 801
577 138 875
835 428 689
197 60 912
238 974 912
605 290 976
842 893 670
727 865 747
101 790 628
398 235 907
34 181 862
63 100 548
763 621 901
272 202 760
762 955 825
686 259 869
964 982 988
192 210 695
204 231 956
785 955 781
312 145 929
524 487 652
786 752 688
517 447 952
125 950 758
376 221 639
696 981 653
802 820 737
279 437 631
977 923 897
909 271 961
351 210 943
785 361 927
567 414 805
99 956 590
947 562 993
944 491 980
735 463 758
457 606 733
88 855 859
156 117 684
647 0 618
79 796 729
697 908 755
594 742 977
995 464 617
82 514 559
136 438 771
374 529 933
902 238 928
283 103 933
527 141 560
671 209 532
579 319 686
472 568 823
13 392 663
681 960 892
54 384 659
808 188 645
952 542 803
189 829 904
358 771 992
492 490 685
519 394 663
517 858 673
435 934 756
659 704 870
559 523 510
23 828 661
29 827 717
643 190 856
28 153 734
46 661 886
665 870 553
378 32 801
200 772 878
361 485 664
947 671 752
778 944 948
183 741 850
268 753 999
106 288 832
60 4 717
533 220 579
511 614 538
791 265 961
603 341 977
372 860 549
643 944 688
899 97 848
61 518 767
308 152 900
137 368 954
188 790 575
495 606 710
595 983 863
861 455 902
872 548 755
908 175 959
707 506 687
642 356 988
45 307 919
243 533 664
423 146 680
377 999 765
230 513 538
972 16 714
542 834 761
274 534 739
347 959 747
189 136 926
299 396 549
876 994 507
978 630 829
252 131 646
201 185 665
136 907 669
976 202 979
363 915 736
262 832 734
696 127 885
646 712 920
30 308 530
91 127 796
870 812 758
777 893 934
863 88 972
497 971 566
43 875 795
790 39 560
379 106 697
729 115 939
522 161 514
4 194 573
388 144 642
571 694 751
822 69 972
901 634 601
735 365 837
675 742 750
748 420 749
983 181 659
909 166 865
409 423 618
872 579 600
446 376 931
286 894 746
307 813 886
502 491 892
699 370 525
132 174 683
276 812 860
119 598 779
254 128 782
821 85 588
212 230 537
538 488 716
246 692 516
977 971 744
697 799 558
374 281 880
341 115 839
78 457 854
405 704 601
748 265 943
830 724 842
477 795 891
910 98 876
884 965 706
57 293 876
349 676 732
375 9 976
562 867 580
406 963 575
74 499 525
315 627 640
484 266 905
413 125 559
25 283 961
61 751 693
352 348 923
525 978 703
92 964 638
4 510 592
202 4 868
825 930 516
524 143 887
119 27 501
927 914 564
634 90 548
630 285 771
841 845 841
670 735 683
797 989 630
713 362 508
112 13 640
287 286 672
509 850 608
789 823 878
515 940 769
631 342 641
996 607 910
160 471 752
232 231 859
586 711 695
244 468 672
494 949 720
700 715 658
569 469 708
920 804 879
902 878 875
648 806 943
168 739 532
832 610 758
730 692 763
646 83 579
966 782 908
319 848 965
331 772 847
249 809 823
851 938 955
659 928 734
450 736 515
382 353 925
786 955 939
791 513 671
254 532 572
913 620 738
712 927 614
867 468 590
284 690 751
152 277 817
943 59 805
625 11 965
75 72 704
593 419 876
721 670 982
308 155 952
725 395 580
963 642 576
160 196 593
208 158 914
182 747 569
658 276 574
616 183 526
966 781 695
670 925 858
717 463 900
120 275 667
489 497 999
828 41 978
48 775 606
184 99 945
177 292 533
135 429 505
393 653 854
872 833 914
449 714 896
985 952 933
712 108 598
223 441 945
891 664 869
819 4 813
908 964 930
92 827 541
960 722 823
107 904 995
840 97 854
770 635 905
65 563 749
125 466 661
436 325 982
351 693 625
426 132 624
507 707 598
326 7 755
528 644 957
14 860 731
711 683 932
981 722 565
188 691 502
816 972 638
5 759 838
570 832 909
685 424 834
590 711 574
761 79 855
338 895 533
772 989 640
671 106 773
412 223 730
508 398 792
398 424 727
792 557 939
566 229 797
676 59 680
354 916 532
131 737 965
119 429 533
302 561 784
113 536 949
2 292 948
90 358 594
629 768 666
114 745 559
223 70 887
581 402 523
879 178 568
776 253 605
794 408 930
914 516 898
792 397 513
101 144 949
562 869 539
687 697 869
489 515 813
688 78 536
390 345 590
184 248 870
339 557 726
249 329 812
190 308 763
34 410 992
64 697 611
511 468 898
968 899 991
55 942 886
60 404 835
409 145 517
205 939 781
880 88 531
609 159 538
255 897 916
492 151 788
181 140 625
603 999 988
967 177 524
224 694 698
815 40 616
266 144 793
710 707 577
506 193 652
727 609 909
515 543 644
939 428 542
166 214 631
748 223 794
923 39 639
72 489 968
893 283 683
873 303 794
110 981 853
93 24 981
672 671 943
901 111 833
163 626 745
93 508 877
594 966 502
644 15 755
964 488 814
271 652 877
583 136 618
732 118 863
524 935 811
718 998 901
69 526 704
466 459 956
762 74 738
998 854 830
473 310 859
463 81 576
605 348 661
169 484 659
812 247 979
346 452 543
790 481 613
39 103 830
200 951 582
810 328 957
39 598 650
480 585 615
813 773 572
521 462 858
682 712 590
922 175 983
0 150 970
982 323 997
247 758 760
186 803 794
424 887 686
797 278 548
87 167 961
818 837 850
112 992 937
522 970 964
469 333 727
544 151 590
113 455 589
965 105 650
952 312 564
199 76 681
841 976 889
322 735 509
968 291 802
780 798 795
523 492 835
583 750 993
279 502 832
241 584 642
706 211 850
388 822 806
370 472 699
203 248 710
115 893 815
403 965 715
299 603 865
219 293 619
576 992 620
513 299 859
704 489 686
494 603 962
500 858 905
802 299 665
253 150 688
409 206 646
801 77 747
556 994 822
782 819 852
627 604 698
782 464 789
0 251 736
405 502 514
361 89 576
747 796 679
245 203 970
937 508 737
564 436 750
790 339 707
329 56 710
126 170 649
94 665 515
108 120 710
727 457 886
363 805 747
473 866 555
55 758 963
65 834 835
853 379 693
429 516 896
23 519 887
477 257 862
579 486 603
971 816 990
38 651 670
306 126 750
814 385 970
446 769 511
42 468 738
348 597 900
478 500 908
68 471 642
302 358 697
766 686 745
818 150 809
639 590 795
375 422 705
368 312 975
889 852 681
736 453 906
878 614 944
671 525 599
361 294 894
260 847 974
193 815 645
679 310 822
614 238 922
775 210 534
36 357 604
964 417 614
956 629 599
480 957 804
6 803 604
705 965 938
110 997 608
584 827 676
298 456 660
222 216 548
136 888 934
961 522 623
492 255 649
276 664 703
346 225 938
815 43 563
875 305 788
445 276 717
526 269 866
473 622 532
455 336 768
208 757 997
926 324 514
377 478 707
871 483 814
975 580 938
521 962 843
326 441 550
229 234 994
932 869 960
192 557 876
5 16 915
531 308 784
637 118 678
47 121 810
843 286 949
978 427 661
172 263 748
262 903 514
310 304 820
552 197 545
821 145 555
377 800 816
346 763 857
654 644 604
413 766 653
470 959 778
746 72 953
350 628 971
696 468 816
299 64 742
779 342 867
905 451 755
697 125 755
694 124 648
636 947 896
222 65 779
367 887 592
389 663 588
813 205 937
637 131 915
781 924 595
96 178 807
783 96 618
580 127 653
481 153 901
360 682 744
746 974 931
286 759 643
372 785 592
25 821 769
381 485 968
161 164 894
301 564 739
565 758 559
761 39 838
763 822 776
142 807 753
640 825 526
292 937 942
750 254 864
177 672 694
700 389 578
98 337 993
512 367 904
47 153 585
249 589 571
965 326 786
352 130 603
965 931 712
818 939 613
695 664 511
463 877 618
828 80 817
589 179 857
72 58 503
748 308 709
21 856 825
696 518 999
911 431 877
290 617 591
229 351 960
876 491 519
984 8 556
837 634 534
174 814 715
355 796 647
327 402 944
658 940 751
746 575 650
65 406 791
806 388 671
800 688 953
343 473 556
858 348 756
124 566 701
348 273 563
251 726 819
253 665 732
666 747 797
315 518 721
307 682 956
479 157 500
830 899 688
742 263 972
223 834 865
367 277 877
761 139 737
892 324 792
637 34 876
39 714 741
710 91 601
604 598 716
420 295 934
482 821 762
839 253 900
730 752 834
260 190 571
648 270 961
413 808 562
870 623 830
802 844 641
522 185 502
998 56 860
650 732 785
496 661 792
998 423 653
312 863 960
418 20 686
777 372 748
91 678 614
56 596 793
852 893 902
307 538 785
530 862 596
648 268 788
564 76 507
4 672 797
873 510 657
368 240 602
804 80 788
49 206 624
533 668 855
420 75 588
293 795 518
123 796 611
462 570 524
810 345 656
659 387 563
242 210 796
944 298 787
333 477 946
614 484 797
496 850 690
795 51 776
363 486 966
480 492 919
84 31 512
202 108 538
577 883 854
310 546 717
942 750 938
132 524 688
62 508 625
8 133 507
387 574 626
295 781 578
681 857 716
952 797 631
31 618 966
697 351 820
891 143 884
36 183 540
885 29 890
964 470 805
843 171 913
502 681 615
941 718 901
537 246 959
873 624 713
160 125 829
469 427 932
195 106 856
870 807 967
705 914 817
561 63 641
314 424 660
639 827 813
954 597 998
847 679 913
936 909 598
257 273 790
489 600 527
726 184 968
773 707 939
655 735 524
886 115 579
718 753 856
148 781 981
624 255 593
765 64 796
502 889 567
520 790 924
227 146 545
568 293 798
888 832 595
463 254 841
863 15 799
421 282 508
135 720 698
134 449 933
244 215 505
390 547 516
479 436 545
394 970 840
854 45 512
650 26 802
537 781 533
508 790 525
8 46 707
866 882 742
24 568 771
484 241 763
694 474 661
150 475 910
375 15 973
285 914 785
163 259 723
538 499 852
763 731 514
582 247 683
155 691 920
664 433 754
723 76 933
710 538 797
313 781 941
422 497 865
155 922 875
406 714 577
158 332 881
227 938 662
246 279 645
765 242 930
69 371 888
932 324 820
819 104 721
462 934 541
672 73 516
539 222 919
214 790 950
313 420 728
78 433 732
245 763 607
297 583 880
293 290 570
753 763 689
199 272 668
471 134 722
211 530 762
539 312 884
353 916 504
425 758 611
251 201 977
505 269 789
653 666 815
539 82 886
775 10 925
969 945 927
561 750 549
213 500 758
489 699 867
264 197 564
496 726 706
786 860 848
86 958 927
118 324 979
288 902 708
736 609 685
485 655 923
759 657 597
844 82 769
97 339 964
362 852 601
936 696 640
232 715 970
925 491 635
203 543 884
81 834 661
197 230 601
944 421 701
290 268 585
268 826 630
180 45 658
239 206 932
326 426 639
888 138 560
155 881 694
881 674 701
119 332 679
558 87 730
603 30 939
334 301 984
891 646 967
481 81 976
516 129 755
247 965 826
271 740 703
104 721 896
544 659 512
822 284 651
498 204 692
380 478 979
133 698 919
401 654 965
610 799 877
19 215 975
900 545 696
554 456 665
232 840 718
370 102 928
579 76 567
5 710 971
823 260 692
5 666 904
668 729 913
634 174 837
661 482 723
2 144 599
121 562 824
34 382 837
219 748 946
986 994 771
116 31 1000
494 800 873
422 662 794
973 219 567
447 184 927
277 721 898
668 882 637
599 322 677
338 275 690
488 92 668
860 371 955
626 433 755
430 167 614
655 63 766
72 816 692
255 250 827
682 261 685
121 388 662
581 383 925
251 13 739
625 912 504
793 539 519
267 977 865
477 566 913
576 432 501
994 449 625
452 50 807
849 856 502
660 846 829
917 244 748
195 445 584
180 955 951
140 752 624
786 819 782
653 459 697
630 90 903
217 661 759
669 591 770
315 506 936
397 337 862
337 868 606
12 398 666
547 926 819
498 91 839
487 96 755
900 730 574
112 230 762
503 787 951
57 548 649
970 251 717
276 78 603
234 402 881
949 60 750
945 573 834
155 791 623
626 812 612
780 91 868
275 759 695
684 31 563
508 314 527
969 915 697
36 234 881
847 342 594
343 294 888
717 192 885
956 436 667
874 712 719
918 547 821
438 572 889
357 647 896
884 6 768
966 741 941
951 649 961
809 505 724
962 737 777
499 581 700
581 635 940
704 546 539
819 620 945
812 874 602
134 99 545
744 862 762
163 920 899
509 639 970
966 32 681
928 879 823
469 451 930
757 673 914
127 997 585
514 353 758
231 131 959
817 149 947
632 503 773
1 808 881
671 30 683
656 154 603
550 184 799
922 985 750
425 311 796
225 829 897
688 474 706
713 692 625
346 743 657
225 953 815
401 262 649
605 408 794
27 551 537
638 107 911
777 135 688
388 42 942
57 758 935
201 110 710
958 352 813
192 370 513
482 514 872
940 490 859
967 164 786
203 953 644
512 864 967
825 723 675
647 450 606
574 942 736
469 66 913
815 619 974
313 952 788
430 300 743
354 197 702
643 212 663
316 540 715
248 226 914
914 774 984
484 736 879
939 193 517
997 177 552
525 922 659
255 162 707
678 560 603
683 523 972
600 372 906
857 370 765
946 495 945
744 312 611
156 275 973
858 466 799
846 323 750
16 656 653
548 914 972
80 254 540
507 647 528
365 312 762
459 361 853
223 938 538
868 944 509
154 196 854
829 141 788
304 829 520
769 725 674
791 37 569
89 842 953
430 441 942
266 133 641
73 543 897
120 561 638
471 976 645
535 205 806
803 752 932
214 502 605
984 810 598
869 962 778
534 254 511
770 749 700
962 816 915
226 591 909
845 211 963
901 218 892
871 657 505
79 96 876
555 985 914
645 713 647
757 458 915
773 122 810
304 40 706
96 877 839
283 335 754
463 115 572
449 989 784
837 496 800
170 378 811
340 960 558
593 43 666
394 821 864
916 265 506
993 260 1000
489 330 674
112 453 633
944 328 735
610 779 691
353 835 598
710 190 784
881 574 843
901 936 972
414 636 699
893 27 562
485 831 820
970 848 953
508 81 929
361 517 537
743 111 753
272 667 947
805 377 993
851 479 871
848 620 849
360 182 580
439 934 800
163 336 787
131 312 937
323 290 532
490 42 903
660 44 876
36 395 726
305 334 768
90 192 918
514 69 731
106 520 685
735 716 614
990 177 694
235 259 758
728 127 821
185 287 895
110 2 595
768 990 562
609 7 688
735 724 634
821 23 806
256 158 910
555 189 708
203 525 976
255 369 708
653 356 909
953 621 746
344 224 988
558 289 889
602 767 901
438 159 996
930 561 934
991 869 896
913 127 792
719 555 635
864 304 779
65 635 939
672 561 635
501 888 516
90 150 737
352 98 841
771 159 775
661 678 823
587 389 946
853 360 544
666 712 986
705 295 855
797 318 669
738 134 934
746 677 831
813 753 925
118 631 648
542 971 570
164 20 777
383 193 784
474 90 717
85 554 756
534 831 512
640 942 715
519 134 714
835 839 805
771 411 560
570 217 577
918 482 808
269 81 920
562 228 921
286 105 654
135 938 793
254 210 533
978 544 536
461 476 627
779 47 632
87 372 792
846 109 802
4 625 986
186 244 897
485 182 929
244 870 540
420 97 758
396 961 537
728 263 653
908 141 693
353 81 763
706 294 810
606 730 880
478 162 976
966 750 824
692 235 514
495 834 703
735 583 722
596 77 707
717 702 805
210 894 796
182 869 725
614 210 712
695 563 542
411 500 545
551 9 703
799 628 930
115 111 620
651 199 556
465 458 886
647 823 749
86 1 547
372 574 566
177 378 555
727 789 552
48 610 520
518 748 616
640 996 710
540 665 579
975 828 522
345 516 589
143 987 581
332 539 564
999 955 509
936 772 546
659 191 634
449 403 629
737 675 776
783 387 733
393 980 703
576 268 832
964 901 883
328 382 514
246 754 590
581 254 942
914 247 639
972 66 719
64 336 856
657 849 715
988 212 760
3 757 855
597 696 557
261 755 726
166 249 763
274 400 918
822 301 932
899 199 681
441 710 781
498 320 889
511 181 916
298 113 773
434 201 595
17 890 920
276 745 511
359 399 986
327 54 645
137 750 621
469 415 535
536 452 570
859 273 855
22 305 844
812 349 519
477 232 680
418 406 523
180 495 797
724 148 719
273 169 957
690 390 506
49 37 857
625 34 714
147 483 538
120 224 912
43 18 685
208 224 938
42 663 696
563 23 782
649 979 527
915 700 657
264 322 671
463 476 643
920 254 888
1 854 550
420 511 581
751 561 832
990 463 807
222 436 583
866 913 592
355 992 792
481 869 922
265 906 595
809 105 960
191 915 839
641 466 741
758 623 575
635 484 745
748 198 787
521 994 855
689 434 704
895 872 905
376 623 712
482 912 874
161 788 665
124 984 841
502 429 818
429 571 797
34 643 590
530 459 558
379 372 591
808 809 528
256 858 538
230 20 785
827 42 537
153 272 957
245 757 884
478 430 628
812 73 521
556 454 904
865 120 954
406 742 632
804 360 721
550 807 701
319 729 739
149 516 615
252 845 716
530 797 775
502 446 536
104 934 993
245 558 515
370 214 703
866 68 853
614 584 559
711 725 712
836 402 980
63 762 606
629 643 719
455 188 607
947 811 615
960 393 748
125 120 674
308 795 720
506 166 968
249 189 894
920 59 613
159 865 666
154 648 568
681 498 650
61 628 868
368 670 579
793 53 683
615 336 501
772 561 734
264 107 803
948 470 691
654 105 889
137 531 707
943 627 889
577 457 926
954 488 636
113 212 798
25 755 804
342 151 791
625 142 981
564 626 992
717 582 949
763 304 624
101 635 824
863 899 936
300 380 621
662 697 928
298 247 960
449 245 853
190 951 705
84 780 849
138 192 991
994 184 971
373 812 557
616 548 775
988 600 723
683 795 849
292 756 827
839 658 772
191 807 518
19 70 750
985 962 944
393 615 609
417 210 911
142 877 702
874 907 903
132 439 890
994 432 669
511 363 801
109 584 803
259 966 855
564 517 581
700 478 765
117 241 899
345 238 778
97 95 812
462 897 945
940 988 681
82 713 530
503 374 969
874 0 855
41 546 942
545 39 793
666 239 843
325 61 969
429 681 611
268 129 746
815 549 693
356 951 532
492 940 512
207 802 953
277 815 750
937 744 681
280 80 609
125 439 760
684 874 591
340 801 923
278 466 851
45 881 842
192 535 788
831 840 657
346 182 729
312 426 914
107 36 871
697 551 784
147 257 940
394 689 592
169 998 614
240 372 782
288 962 563
972 690 892
817 974 964
755 951 896
186 125 981
47 668 867
636 506 978
548 364 907
919 204 786
396 107 874
936 557 670
445 741 900
222 182 655
466 278 709
770 480 843
997 30 882
589 50 519
457 932 721
440 691 612
791 65 616
969 667 565
969 720 613
652 149 739
222 657 757
264 103 781
41 753 636
932 916 584
337 254 598
246 667 735
471 785 730
537 23 500
944 803 534
570 951 806
69 376 768
14 954 500
517 538 913
461 482 902
318 710 901
668 26 836
893 853 542
191 806 874
33 12 973
831 659 872
313 513 930
595 488 527
456 962 769
169 495 943
342 724 540
113 144 715
780 627 969
523 204 737
263 872 877
954 344 910
949 737 982
99 50 588
342 777 808
488 403 517
85 122 888
282 567 589
808 89 884
262 823 722
140 256 828
614 855 607
474 597 728
780 211 767
844 650 824
647 562 609
426 607 691
374 603 871
571 850 827
890 864 501
321 902 671
432 446 954
94 739 728
212 716 523
346 524 647
471 605 966
166 390 907
176 395 908
566 407 859
480 548 559
89 761 786
233 224 578
345 211 642
101 382 917
244 670 664
734 596 860
800 166 717
356 413 736
268 651 939
423 92 735
475 726 962
50 559 710
563 997 947
735 7 799
880 61 625
770 312 778
647 420 813
123 636 828
762 276 638
956 515 612
588 59 660
974 842 755
264 34 699
932 438 955
400 376 690
858 490 643
489 577 972
401 212 970
839 315 656
911 151 809
108 971 832
871 117 656
596 247 587
286 761 954
927 169 929
899 496 817
633 600 653
728 350 543
253 453 663
777 875 700
95 985 727
454 707 555
381 924 537
808 341 800
571 154 992
1 571 913
824 409 618
914 300 713
709 352 997
862 260 681
125 991 927
791 862 803
225 855 669
183 354 798
881 333 572
999 575 890
940 378 710
357 5 750
258 334 547
224 782 868
492 553 946
72 205 787
285 137 655
224 843 794
227 314 742
957 657 770
70 773 904
105 259 896
360 581 699
898 409 963
937 138 927
162 531 650
723 263 682
80 903 833
319 273 886
523 834 910
895 971 918
413 979 664
353 639 895
636 622 584
616 945 913
471 566 517
697 173 837
79 223 920
1 623 591
924 477 759
822 404 673
858 334 750
744 778 571
729 94 808
68 663 950
95 3 598
549 614 633
311 914 645
357 334 753
471 784 790
679 968 764
225 480 879
444 208 618
947 618 673
638 635 747
594 611 581
711 540 894
352 925 645
212 697 963
173 518 519
392 995 559
88 490 554
781 405 642
970 101 913
395 996 808
459 612 662
100 837 861
194 928 805
799 375 848
716 477 926
197 96 582
197 242 918
114 135 874
348 522 579
172 42 556
236 413 708
666 596 958
412 178 648
787 875 799
609 438 701
692 196 572
759 371 825
846 148 909
687 876 555
777 730 732
944 825 882
867 223 517
639 883 816
156 472 625
407 230 901
635 509 672
775 890 651
816 764 737
187 759 765
47 350 737
820 935 599
566 957 744
480 452 841
667 770 599
857 249 525
589 176 919
967 699 958
314 781 574
288 221 953
632 281 625
712 517 870
525 399 977
73 399 628
791 86 998
801 86 662
247 875 983
998 411 620
650 921 744
609 773 871
936 759 846
381 672 815
914 381 600
37 14 752
724 710 940
70 678 510
117 103 506
121 698 786
645 759 873
117 49 800
326 362 872
118 37 665
578 432 515
861 436 912
682 818 785
42 294 632
717 926 873
157 882 576
694 882 883
910 601 959
130 444 758
759 966 718
346 701 714
205 462 990
681 828 513
490 465 850
483 566 829
482 148 768
224 106 929
816 282 665
