# nodes
0 GENERATOR 0 10000
1 SUBSTATION 0 0
2 SUBSTATION 0 0
3 SUBSTATION 0 0
4 SUBSTATION 0 0
5 SUBSTATION 0 0
6 SUBSTATION 0 0
7 SUBSTATION 0 0
8 SUBSTATION 0 0
9 SUBSTATION 0 0
10 SUBSTATION 0 0
11 SUBSTATION 0 0
12 SUBSTATION 0 0
13 SUBSTATION 0 0
14 SUBSTATION 0 0
15 SUBSTATION 0 0
16 SUBSTATION 0 0
17 SUBSTATION 0 0
18 SUBSTATION 0 0
19 SUBSTATION 0 0
20 SUBSTATION 0 0
21 SUBSTATION 0 0
22 SUBSTATION 0 0
23 SUBSTATION 0 0
24 SUBSTATION 0 0
25 SUBSTATION 0 0
26 SUBSTATION 0 0
27 SUBSTATION 0 0
28 SUBSTATION 0 0
29 SUBSTATION 0 0
30 SUBSTATION 0 0
31 SUBSTATION 0 0
32 SUBSTATION 0 0
33 SUBSTATION 0 0
34 SUBSTATION 0 0
35 SUBSTATION 0 0
36 SUBSTATION 0 0
37 SUBSTATION 0 0
38 SUBSTATION 0 0
39 SUBSTATION 0 0
40 SUBSTATION 0 0
41 SUBSTATION 0 0
42 SUBSTATION 0 0
43 SUBSTATION 0 0
44 SUBSTATION 0 0
45 SUBSTATION 0 0
46 SUBSTATION 0 0
47 SUBSTATION 0 0
48 SUBSTATION 0 0
49 SUBSTATION 0 0
50 SUBSTATION 0 0
51 SUBSTATION 0 0
52 SUBSTATION 0 0
53 SUBSTATION 0 0
54 SUBSTATION 0 0
55 SUBSTATION 0 0
56 SUBSTATION 0 0
57 SUBSTATION 0 0
58 SUBSTATION 0 0
59 SUBSTATION 0 0
60 SUBSTATION 0 0
61 SUBSTATION 0 0
62 SUBSTATION 0 0
63 SUBSTATION 0 0
64 SUBSTATION 0 0
65 SUBSTATION 0 0
66 SUBSTATION 0 0
67 SUBSTATION 0 0
68 SUBSTATION 0 0
69 SUBSTATION 0 0
70 SUBSTATION 0 0
71 SUBSTATION 0 0
72 SUBSTATION 0 0
73 SUBSTATION 0 0
74 SUBSTATION 0 0
75 SUBSTATION 0 0
76 SUBSTATION 0 0
77 SUBSTATION 0 0
78 SUBSTATION 0 0
79 SUBSTATION 0 0
80 CITY 189 0
81 CITY 178 0
82 CITY 51 0
83 CITY 111 0
84 CITY 186 0
85 CITY 151 0
86 CITY 168 0
87 CITY 170 0
88 CITY 119 0
89 CITY 141 0
90 CITY 77 0
91 CITY 66 0
92 CITY 51 0
93 CITY 67 0
94 CITY 115 0
95 CITY 183 0
96 CITY 198 0
97 CITY 56 0
98 CITY 84 0
99 CITY 100 0

# edges
0 1 807
0 2 591
2 3 550
1 4 564
4 5 597
5 6 770
4 7 506
3 8 504
1 9 712
5 10 985
2 11 704
1 12 759
2 13 993
2 14 646
13 15 611
14 16 715
8 17 513
14 18 541
17 19 560
9 20 798
10 21 810
14 22 536
6 23 943
9 24 860
22 25 592
15 26 534
12 27 909
4 28 591
8 29 899
9 30 681
15 31 982
14 32 726
17 33 670
4 34 791
21 35 933
28 36 503
16 37 680
8 38 652
9 39 690
19 40 660
16 41 773
33 42 918
27 43 919
18 44 627
32 45 612
18 46 524
28 47 994
42 48 613
29 49 763
22 50 588
28 51 785
26 52 978
34 53 770
21 54 886
18 55 821
55 56 783
37 57 582
39 58 599
47 59 929
56 60 608
34 61 887
41 62 978
18 63 531
35 64 557
33 65 711
24 66 688
58 67 953
34 68 669
40 69 732
8 70 822
7 71 801
33 72 959
60 73 876
61 74 547
63 75 727
12 76 970
50 77 866
20 78 984
50 79 515
5 80 978
22 81 985
23 82 869
15 83 800
46 84 756
63 85 638
43 86 811
48 87 876
13 88 822
58 89 963
64 90 782
15 91 909
0 92 542
75 93 642
29 94 861
6 95 693
45 96 810
84 97 634
72 98 683
54 99 781
38 69 660
76 33 828
53 7 677
10 95 922
99 85 646
56 66 772
26 33 986
42 74 555
94 53 858
36 22 696
87 15 804
48 10 739
45 20 803
36 10 866
19 96 854
70 17 886
17 97 672
9 15 894
29 1 770
44 68 625
56 20 520
95 1 910
37 95 622
30 0 680
31 68 977
58 57 723
48 57 701
15 78 790
91 98 678
23 7 533
76 10 863
15 82 630
30 31 996
76 54 600
37 6 567
51 81 610
34 5 831
0 1 601
28 3 719
70 3 629
45 36 511
18 49 584
79 23 602
46 2 688
95 56 531
62 74 997
57 78 596
82 40 709
54 27 789
23 30 845
73 6 895
80 89 581
64 13 717
94 3 896
91 30 694
48 2 972
46 82 800
51 73 662
19 89 657
52 45 567
77 26 720
9 24 617
82 53 729
98 23 995
77 31 841
15 20 614
65 4 610
60 65 883
94 19 603
58 84 569
44 34 942
3 10 821
67 22 685
36 69 746
41 53 803
98 26 962
28 8 610
10 65 519
4 2 796
93 51 663
13 11 631
74 76 733
2 51 962
94 22 831
97 34 521
46 82 880
49 74 977
80 74 514
22 8 701
26 68 619
3 15 634
35 76 627
46 85 599
61 35 745
1 81 589
0 77 785
84 9 672
75 66 960
72 19 514
18 40 903
85 51 512
9 5 564
31 6 979
36 63 526
18 36 563
1 73 956
64 10 786
39 41 952
20 82 682
90 19 665
94 96 872
71 93 750
89 45 904
94 50 521
97 87 766
71 24 587
42 37 858
39 94 730
70 17 965
64 63 856
69 26 943
45 56 611
52 93 837
18 93 627
68 6 723
83 10 635
94 75 658
42 82 880
56 67 638
28 90 536
34 57 749
96 88 702
27 80 741
55 85 720
21 79 768
62 87 628
29 48 699
53 60 775
7 27 815
62 65 697
7 99 663
38 88 982
23 3 902
94 59 748
57 67 662
54 49 754
45 51 911
55 12 682
13 31 875
74 45 653
27 0 963
44 69 687
65 97 563
7 75 912
45 26 706
26 20 817
20 40 814
64 8 597
60 21 813
89 71 859
63 96 962
87 98 984
85 51 746
8 43 858
48 2 636
48 20 659
67 34 962
83 18 636
20 41 900
97 90 579
63 29 713
55 99 885
49 46 906
36 74 636
83 3 883
73 47 831
16 65 814
88 23 554
20 84 744
60 96 699
71 25 807
26 50 880
53 5 704
66 56 845
38 92 786
90 0 572
41 66 790
14 42 802
32 68 986
4 89 511
43 31 677
59 29 745
59 13 633
22 87 635
86 19 534
39 0 677
62 1 641
73 35 605
29 30 569
53 2 709
5 12 605
